1,7,11,27
1,22,23,28
1,21,22,23,28
2,3,23,27
2,21,23,30
3,3,22,23,30
4,4,16,22
4,11,23,27
4,7,22,30
5,7,22,28
6,4,16,30
7,8,16,30
8,8,16,30
9,1,4,6,7,8,11,16,22,23,24,28,29,30
10,4,8,16,22
11,4,8,16
11,11,21,27
12,6,22,30
12,22,23,28,30
13,16,23,28
13,8,16,21,22,23,27,28
14,2,14,17
15,7,16,21,22,23,28,29,30
16,11,16,23
17,16,22,23
17,15,19,25
17,7,8,16,21,22,23,28,30
18,7,8,30
19,1,8,21,22,28
20,16,22,23
20,21,23,24
20,1,7,23
21,22,23,28
22,6,22,25
23,4,8,16,23,24,28,30
24,13,16,29
25,1,7,8,16,21,22,30
25,4,7,8,16
25,3,6,22,29
26,7,21,23,28,30
26,7,23,30
26,1,7,21
26,7,22,23
26,7,21,22,23,28
26,7,23,28
26,21,22,23
26,21,28,30
26,6,21,30
26,7,23,28,30
26,21,23,28
26,21,22,30
26,7,28,30
26,7,21,22,23,30
26,7,21,23,28
26,11,21,22,23,28
26,21,23,28
26,7,22,30
26,7,21,23,28,30
26,8,23,28,30
26,7,23,28,30
26,23,28,30
26,22,23,28
26,7,23,28,30
26,22,23,28
26,16,23,30
26,1,7,30
26,7,8,30
26,3,21,28
26,7,21,23
26,7,22,30
26,21,23,30
26,21,23,28,30
26,8,16,30
26,22,23,30
26,7,11,21,22,23,28,30
26,21,23,29
26,7,21,30
26,7,21,30
26,21,27,29
26,7,21,23,28
26,21,23,28
26,23,28,30
26,7,21,30
26,3,21,28
26,7,22,23,29
26,7,24,28
26,7,23,24,28
27,7,22,23
28,23,25,29
29,7,8,16,30
30,7,8,16
31,6,8,16,30
32,11,13,30
33,4,22,30
33,7,16,28,30
33,11,13,16
34,11,21,22,23
34,10,21,22,28
34,22,23,28
35,1,8,24
36,6,11,26
37,8,23,29
38,16,17,19
38,11,24,25,30
38,16,24,25
39,8,13,21,24
40,21,23,28,30
41,4,8,16
42,4,7,8,16,23,30
43,1,22,23,28
44,6,11,27
45,16,21,28,30
46,1,7,22,28
47,4,8,16
48,8,22,30
49,22,23,28
50,8,16,21,22,23,28
51,1,8,16
52,13,16,24
53,1,15,19
54,21,27,30
54,21,28,30
54,23,28,30
55,16,22,23,28
55,16,29,30
55,6,23,25
56,4,8,16
57,7,8,16,30
57,21,22,23,28
57,7,22,27,28,30
58,21,22,28
59,1,7,16
60,8,24,30
61,22,23,25
62,7,27,28
63,22,25,28
64,6,11,20,24,25,30
65,8,16,21,30
66,11,22,29
67,7,19,21,23
68,8,22,30
68,7,27,30
69,22,23,28
69,21,22,23
70,1,22,29
71,1,4,8,16,29
72,4,24,30
72,21,22,23
72,2,14,17
72,7,8,16
72,2,14,17
72,11,14,17,27
72,6,11,22,23,29
72,8,13,16
72,7,21,22,23,30
72,7,28,29
73,16,22,28,29,30
74,7,11,22
75,6,22,28
76,11,21,23
77,6,21,22,23,28
78,1,8,16,21,22,28,30
79,6,7,22
80,4,7,16,30
81,6,16,21,24,30
81,21,22,23
82,1,13,21,22,23
82,16,21,22
83,4,7,8,16,22,28,30
84,6,16,22,30
85,11,23,27
85,1,6,7,21
85,1,7,30
85,21,22,24,28
86,21,23,28
87,16,21,22,28
88,8,16,24
89,6,22,25
90,7,16,30
91,2,14,17
91,21,22,23,28
91,21,22,28
91,21,22,23,28
92,7,8,30
92,1,7,25
92,22,23,28
93,21,23,28
94,7,11,29
95,6,21,25
96,4,16,28
97,7,24,30
97,7,21,22,23,28
98,7,21,23
99,22,23,28
100,4,6,16
101,4,16,21,30
102,6,22,28
103,4,7,16,21,30
104,6,22,28
105,3,23,28
105,21,23,27
106,21,23,28
107,4,6,7,16,22,24,30
108,7,16,30
109,21,25,28
110,6,21,22,28,29
111,4,8,16
112,3,8,22
112,8,19,22
112,8,16,22
113,4,16,25
114,21,22,23
115,7,16,28
116,11,27,30
117,21,22,23,30
118,4,8,16,21,30
119,4,11,16,21,22,25
120,6,7,30
121,7,25,30
122,1,8,16
123,3,8,21,22,23,28
124,22,23,28
125,7,8,16,22,28
126,22,24,30
126,7,21,23,30
127,1,4,10
128,16,23,30
129,4,22,28
129,4,13,16
130,8,24,30
131,6,21,22
131,4,16,22
131,7,11,25
132,21,22,23,28
133,4,16,28
134,2,14,17
135,22,23,29
136,4,8,16
137,7,16,22,30
138,22,23,28
139,16,22,29
140,4,16,22,28
141,4,8,16
142,4,8,16
143,21,22,30
144,1,2,3,4,7,11,16,23,30
144,3,21,29,30
145,23,27,29
146,16,22,28,29,30
147,8,16,24
148,8,11,16,25,30
148,6,21,22,28
149,8,11,27
150,4,21,22,23,25,28
151,6,21,23
152,21,24,30
153,6,21,22,25,28
153,21,22,28
154,21,22,23
155,11,22,29
155,6,21,23,25,27
156,6,8,16,22,28
156,6,11,13
157,1,7,28
158,22,23,28
159,1,4,7,16,19,21,23,24,28,30
160,21,23,28
160,11,15,19
161,7,8,22,28,30
162,6,11,27
163,21,23,30
164,4,8,16
165,7,21,22,23,30
166,11,16,22
167,21,22,23,28
167,3,21,22,25
167,2,4,17
167,3,7,22,23,29
167,3,21,22
167,3,21,23
167,3,22,30
167,6,16,21,22,23,30
167,1,21,23
167,6,7,21,22,23,28,30
167,21,22,23
167,3,7,21,22,23,28,30
167,4,6,7,21,28,30
167,21,22,23,27,28,29
167,6,21,23,28
167,11,22,24,29
167,21,22,28
167,2,14,17
167,7,22,28,30
167,3,22,23,28
167,15,19,24
167,21,22,23
167,3,21,22,23,28
167,21,22,30
168,3,4,7,8,16,21,23,28
169,1,8,16,23,30
170,13,16,24
171,7,16,30
172,7,8,16
173,7,16,24,30
173,1,4,7,16,30
174,4,6,8,11,16
175,7,16,22,28,30
176,3,6,21,22
177,6,16,21,22
178,7,16,22
179,22,23,28
179,16,22,23
180,7,11,16,24
181,6,11,21,28
182,8,16,22
183,21,23,28
183,2,14,17
184,21,22,23,25
185,21,23,28
186,7,11,16
187,7,8,30
188,2,14,17
189,4,16,28
190,7,23,24,28
191,1,4,30
191,21,22,23
192,8,25,29
192,21,28,30
193,21,23,28
193,1,6,7,11,15,22,28,29,30
194,16,22,29
195,2,7,11,13,21,23,29,30
196,21,22,28
196,21,23,28
196,3,22,23,28,30
