7,11,27
7,29,27
28,23,22
28,23,22
22,28,23,21
22,28,23,21
3,23,27
3,29,27
21,23,30
21,28,30
3,23,22,30
3,21,22,30
16,4,22
16,8,22
27,23,11
27,11,11
7,30,22
7,30,22
7,22,28
7,30,28
16,4,30
16,24,30
30,16,8
30,16,8
16,8,30
16,24,30
22,7,23,28,1,29,30,8,6,11,24,4,16
22,28,21,6,1,16
8,16,4,22
8,23,28,22
16,4,8
16,4,8
21,27,11
21,16,11
30,22,6
30,21,6
30,22,28,23
30,7,28,23
23,28,16
23,22,16
16,21,23,8,28,22,27
16,8,30,16,4,16,4,30,27
17,2,14
17,2,14
28,22,23,29,7,30,16,21
28,16,4,22,21
16,11,23
16,22,23
16,22,23
16,22,23
25,19,15
25,1,15
22,8,30,7,28,23,21,16
22,28,21,6,7,16	
7,30,8
7,30,8
22,1,8,21,28
22,21,3,23,28
23,22,16
23,22,16
21,23,24
21,16,24
7,23,1
7,16,1
22,28,23
22,28,23
