5,8,5,11
5,5,11
11,5,8,8,5,11
28,21,35
5,8,8,5,11
11,5,5
5,5,253
260,261,261,263
5,5,5
77,428,21
21,5,77
77,21,5,21
77,284,5
5,5,21
11,5,71,297,297,260
253,5,8,11
11,5,71,253,5
11,5,8
11,5,8,71,5,8
5,71,8
5,5,8,5
1,5,8
21,5,8,11
11,5,480
261,261,71,5,5,11,11
5,5,8
11,5,35
5,765,5
5,21,765,263,449
11,5,5
35,35,640
603,35,35,603
603,640,640
603,640,35
603,35,253,59
603,35,35,603
640,875,875,603
603,640,640
35,35,603
35,640,640
21,480,5
603,35,35
260,253,59,253
5,5,1
1,5,8
21,35,603
765,603,71
5,8,603
5,8,603
640,284,284,35
5,8,603
5,8,603
5,8,603
5,8,603
5,8,603
5,8,603
35,284,351
5,8,5
5,5,21
5,8,5
5,5,297,297,5,8
35,5,5
5,5,351
1,284,640
284,11,1,11
284,284,253
284,253,253
284,28,1,28,35,35
284,253,284
284,284,253
21,21,336
284,284,35
253,651,253
253,284,284
253,651,253
284,253,5,284
284,428,428,284
253,651,253
765,5,11
35,284,351
35,640,284,351
351,284,640,640,351
260,21,351
351,35,35
351,35,35
253,428,21
351,284,35
351,284,640
71,21,11
428,21,11
449,5,449
449,875,5
35,480,35
35,253,59
603,35,253
260,263,449
651,651,336,253
253,35,35
263,263,351
284,284,351
21,5,11
260,21,5
260,21,5
765,260,5
5,284,5
1005,260,5
1005,5,8
253,5,5
284,8,5
5,8,1
297,263,263
35,297,263
77,104,104
5,8,5,35
21,212,212,212
35,35,104
8,5,35,35
59,253,104,104
104,253,59
59,104,104
480,35,351
35,603,35
253,253,260
35,480,480,21
651,71,260
21,35,5
449,260,71
449,71,5
71,263,449
11,5,35
640,603,212
35,603,603,21
428,603,35,428
21,5,8
253,253,428
21,5,8,5,21
5,21,603,603,35,428
8,5,21
1,5,8
253,35,603,35
71,449,449
449,71,21,449
21,77,449
284,284,449
21,21,449
449,428,253,449
284,35,253,253,449
284,35,449
284,5,449
449,260,35,640
449,77,284
284,35,253,260
21,260,449
449,260,284
284,5,449
284,480,21,449
449,260,284
253,284,284
297,21,5,5
35,480,5,5,11
297,5,8
297,5,5,297,28
28,21,35
5,5,297
351,253,284,28
336,21,21
35,428,21,5
284,35,59
5,35,336
5,5,21
21,71,71,21
21,5,21
5,5,253
21,35,5
5,5,35
35,35,5
35,35,284
253,253,5
253,5,35
35,5,284
21,284,640
284,351,351,284
297,449,449
297,428,428
21,603,875
253,35,35
253,35,35,253
253,35,35,253
77,2151,2151,77
875,253,253
253,640,253,35
253,35,35,253
77,35,253
253,35,253
35,253,59
640,35,35
603,21,11
480,5,5
875,480,8,5
5,8,5
