5,8,5,11
5,5,11
11,5,8,8,5,11
28,21,35
5,8,8,5,11
11,5,5
5,5,253
260,261,261,263
5,5,5
77,428,21
21,5,77
77,21,5,21
77,284,5
5,5,21
11,5,71,297,297,260
253,5,8,11
11,5,71,253,5
11,5,8
11,5,8,71,5,8
5,71,8
5,5,8,5
1,5,8
21,5,8,11
11,5,480
261,261,71,5,5,11,11
5,5,8
11,5,35
5,765,5
5,21,765,263,449
11,5,5
35,35,640
603,35,35,603
603,640,640
603,640,35
603,35,253,59
603,35,35,603
640,875,875,603
603,640,640
35,35,603
35,640,640
21,480,5
603,35,35
260,253,59,253
5,5,1
1,5,8
21,35,603
765,603,71
5,8,603
5,8,603
640,284,284,35
5,8,603
5,8,603
5,8,603
5,8,603
5,8,603
5,8,603
35,284,351
5,8,5
5,5,21
5,8,5
5,5,297,297,5,8
35,5,5
5,5,351
1,284,640
284,11,1,11
284,284,253
284,253,253
284,28,1,28,35,35
284,253,284
284,284,253
21,21,336
284,284,35
253,651,253
253,284,284
253,651,253
284,253,5,284
284,428,428,284
253,651,253
765,5,11
35,284,351
35,640,284,351
351,284,640,640,351
260,21,351
351,35,35
351,35,35
253,428,21
351,284,35
351,284,640
71,21,11
428,21,11
449,5,449
449,875,5
35,480,35
35,253,59
603,35,253
260,263,449
651,651,336,253
253,35,35
263,263,351
284,284,351
21,5,11
260,21,5
260,21,5
765,260,5
5,284,5
1005,260,5
1005,5,8
253,5,5
284,8,5
5,8,1
297,263,263
35,297,263
77,104,104
5,8,5,35
21,212,212,212
35,35,104
8,5,35,35
59,253,104,104
104,253,59
59,104,104
480,35,351
35,603,35
253,253,260
35,480,480,21
651,71,260
21,35,5
449,260,71
449,71,5
71,263,449
11,5,35
640,603,212
35,603,603,21
428,603,35,428
21,5,8
253,253,428
21,5,8,5,21
5,21,603,603,35,428
8,5,21
1,5,8
253,35,603,35
71,449,449
449,71,21,449
21,77,449
284,284,449
21,21,449
449,428,253,449
284,35,253,253,449
284,35,449
284,5,449
449,260,35,640
449,77,284
284,35,253,260
21,260,449
449,260,284
284,5,449
284,480,21,449
449,260,284
253,284,284
297,21,5,5
35,480,5,5,11
297,5,8
297,5,5,297,28
28,21,35
5,5,297
351,253,284,28
336,21,21
35,428,21,5
284,35,59
5,35,336
5,5,21
21,71,71,21
21,5,21
5,5,253
21,35,5
5,5,35
35,35,5
35,35,284
253,253,5
253,5,35
35,5,284
21,284,640
284,351,351,284
297,449,449
297,428,428
21,603,875
253,35,35
253,35,35,253
253,35,35,253
77,2151,2151,77
875,253,253
253,640,253,35
253,35,35,253
77,35,253
253,35,253
35,253,59
640,35,35
603,21,11
480,5,5
875,480,8,5
5,8,5
8,5,21
21,603,875
765,21,5,8
297,5,8,5,35
8,5,1005
35,428,1005
1005,35,35,5,8,1005
35,284,11,11
11,284,35
35,5,8,5,35
260,253,35,35
35,480,5
640,260,449,449,260
35,260,297
297,35,35
35,253,253
297,35,35
428,71,21,35
297,260,35
35,253,297
35,253,297
297,260,35
35,21,480,35
297,35,35
297,35,35
297,35,35
297,253,35
253,35,35
297,260,35
35,253,253
297,260,35
428,336,336
428,35,35
71,71,71
449,5,5
260,5,5
71,5,5,260
260,5,5
71,5,5
260,651,651
5,5,260
5,5,260
71,11,28
212,253,253,5
5,21,480,35,603,875,212
35,640,35,5,5,5,21
21,5,5,35
640,35,5
104,104,104
5,21,71,297
297,71,21,5
284,284,351
284,284,351
11,11,8
351,11,8,21,21
351,284,5,5
5,21,297
260,5,8
35,35,351
5,5,11
21,480,5,8
5,11,297
8,35,5
480,35,35,480
212,35,351
8,5,35
284,297,297,284
284,297,297
284,297,71,284
284,71,71,297
59,480,5
59,603,603
480,5,8
5,8,71
5,260,1005
336,5,263
5,8,5,21,77
5,8,5
253,35,480,5
11,5,5,77
77,21,5
35,35,35
875,875,35
640,5,5,351
428,428,35
1005,71,1005
1005,5,8,480
35,5,11
11,5,5,11
351,11,21
35,35,35
35,480,5
351,11,5,8,5,11
11,5,11
35,480,5
5,480,35,253
875,603,35
35,5,11
35,480,35,35
21,5,284
35,480,5
260,253,104
260,253,104
253,35,336
35,35,260
260,253,336
428,651,651,428
77,77,449
2151,35,35,2151
35,212,2151
480,284,284
284,284,21
284,253,35
8,5,336
603,603,35
35,212,212,35
449,263,263,449
5,35,2151
5,480,35
2151,35,5,480
5,35,2151
5,35,2151
8,5,480,35
5,35,2151
35,5,284
5,35,2151
5,35,2151
5,35,2151
5,480,35,104
11,35,2151
5,35,2151
5,35,2151
5,35,2151
5,35,2151
5,35,2151
5,35,2151
5,35,2151
5,35,2151
5,35,2151
5,35,2151
5,35,2151
284,8,284
5,35,2151
5,35,2151
5,35,2151
8,71,71
212,603,35,8
449,77,284
1005,765,8
449,21,5,8,5
284,253,284
284,284,253,253
28,11,5
5,297,297
1,28,28
5,253,59
11,480,5
11,5,480
11,5,480
11,5,480
11,5,480
11,5,480
11,5,480
5,5,11
640,640,284,351
11,5,480
11,5,480
11,5,480
284,480,21,11
11,5,480
8,5,11
8,5,11
5,11,1
11,5,480
11,5,480
11,5,5,21,11
11,5,480
5,5,11
5,5,428
480,5,21
480,5,11
480,5,11
480,5,11
35,5,21
480,5,11
480,5,11
8,5,11
5,11,351
480,5,11
11,5,21
480,21,5,11
5,11,11
480,5,11
480,5,11
480,5,11
11,480,5
11,5,11
480,5,11
480,5,11
11,5,480
651,253,351
21,11,351
351,284,5,8,35
253,253,35
35,5,8
35,253,253,5,253,35
35,480,5
449,260,253,253
449,21,260
449,253,253
449,5,5
5,5,35
35,480,5
449,5,8
8,8,5,21
428,5,284,284,5
5,35,603,480
253,5,8,5,21
8,5,11
8,5,21
35,5,8,21
284,284,351
5,5,28
35,284,351
35,284,351
5,480,21
5,8,5
351,253,59
59,253,351
351,253,59
253,284,351
351,253,59
35,284,351
5,8,5
351,35,253,253,284,11
603,480,5,8,8,28
603,5,603
640,35,5,8,5,603
603,480,5
603,480,8
284,35,28
297,5,8,11
5,8,5
8,5,1
35,5,5
77,449,263
875,603,35,480,21,260
35,480,5,5
260,21,5
5,8,8,8
5,8,5
5,8,5,5
8,8,5
5,8,8
35,5,5
5,351,35
5,765,1005
5,765,1005
28,765,1005
5,765,1005
5,5,1005
297,5,253,5
71,21,21
5,8,5
5,8,5
35,5,8
765,260,21
5,5,260
5,35,253,260
297,5,8
11,651,260
651,263,449
253,260,449
5,8,5
449,449,253
449,449,449
253,59,77,449,449
449,336,449,449
449,260,21,449
28,8,5
5,21,260
5,8,35
212,603,35
253,35,428
5,8,5
8,11,28,284
8,5,351
5,71,297
253,5,35
253,35,35,253
428,21,428
35,480,5
35,5,5
35,5,5
35,35,5
35,35,284
284,253,253
59,59,59
59,253,284
253,35,35,284
212,35,284
59,253,284
35,5,8,5
35,480,5
35,480,5,5
5,5,35
263,263,5
1,5,263
11,263,297
651,260,263
263,260,5
261,5,11,28
11,5,261
260,5,11
28,11,5
263,260,253,5,11
28,11,5
253,260,261
253,253,5
5,11,28
35,5,8
35,35,351
21,5,5
21,351,351
21,5,5
5,8,11,351
11,5,351
104,35,5
104,104,2151
35,603,104
104,35,480,35
35,260,297
21,35,284
35,253,253
35,284,35
35,284,284,35
8,5,21
35,428,765
260,297,71,21,5,480
5,8,5,21,71,260
5,8,5
449,260,71,28
1,28,21,71
5,8,5
5,336,336
336,5,8,5
336,5,8
8,5,336
297,297,336
253,5,284
253,35,640
28,8,11
253,260,261
253,35,253
765,765,11
5,480,1
428,765,5
297,5,480,35
351,35,480,5,8
5,8,284
297,5,8
5,284,35
5,8,640
5,11,480,35
35,5,5
284,284,35
35,253,59
260,5,21
21,5,5,21
253,35,603,603,35
260,5,5,21
260,21,11,35,35,253
480,5,5,21
21,5,5,21
253,253,59
21,5,5,21
21,5,5,21
21,480,5,5,260,1005
428,336,336
253,59,5,260
35,297,297,35
35,5,5
35,5,480
35,5,5,480
640,284,284,35
640,284,284
640,5,11,640
480,21,35
5,5,21,21
260,260,253
21,5,8,5,297
21,5,8
59,59,35
35,336,449
28,1,35
5,5,35
5,5,640
640,284,284,603
284,640,640
71,71,640
640,35,35,640
35,640,640
253,35,284
480,5,21,11
351,21,35
351,28,5,11
28,21,5,11
351,28,21
284,5,8
35,35,5,8
253,5,8
253,263,263,35
263,253,253,35
35,253,253,263
263,35,603
603,253,263
35,260,263,263
263,253,253,35
253,253,35
263,603,603
253,263,263,35
253,35,35
263,263,253
263,35,35
263,253,35
263,253,253
263,336,35
263,253,35
263,253,253,35
35,35,253
253,5,5,640
260,5,5
640,71,260,640
59,253,297,297,253,59
603,35,480
11,5,8
284,35,480,5
1,5,21
21,260,77
11,651,651
284,35,35,603
35,35,284
284,35,2151
284,253,284
284,253,35
35,35,253
284,35,603
260,336,284
260,284,35,603
35,212,35,21,11
253,284,35
603,21,71
35,253,35,35,603
35,336,260
263,21,5
21,5,8
35,480,5
253,284,284,1
5,765,1005
5,5,765
35,875,603,603
11,253,5
1,11,284
1,5,5,284
284,35,28
284,428,260,297
253,428,284
284,428,765
5,8,5
35,284,5
21,8,5
28,284,284,28
253,284,35,104
11,5,11
284,253,11
71,5,11
11,263,449
11,5,5,11
28,253,480
5,253,11
651,5,5,21
21,5,5
651,651,5
1005,765,260
651,5,5,21
260,765,260,651
651,5,5,21
651,5,5
260,260,651,5
651,765,260
1005,765,5,5,651
651,651,5
5,5,651
5,8,651
765,651,5
11,8,5
35,284,11,11,5
480,5,5,5
1,1,35
1,35,5,5,480,35
5,5,480
35,1,1
260,5,5,21
35,351,351,35,212
428,35,35
212,875,480,5
8,5,21
480,5,35,212
5,640,5
5,253,5
284,336,5,651
284,5,8,5,640
5,8,35
5,480,35
1,5,480
5,603,875,875
351,297,297,21
5,21,21,480
5,35,253
5,5,71
5,351,351
297,5,11
261,263,765
1,5,603,640
104,35,5
263,449,449
336,297,71
640,35,35,640
640,21,640
640,765,260,35
284,71,260
284,5,5,284
5,5,253
5,5,253
5,297,297,336
253,297,336
253,5,8,5
35,35,253
35,284,35
351,11,11
263,263,351
21,5,8,351
35,284,351,351
59,35,35
71,35,2151
71,5,8,2151
71,35,2151
35,35,2151
71,35,2151
71,35,2151
2151,35,71
71,35,2151
71,35,2151
71,35,2151
71,35,2151
71,35,2151
71,71,2151
71,35,2151
71,35,2151
71,35,2151
71,35,2151
71,35,2151
71,35,2151
71,35,2151
71,35,2151
71,35,2151
71,35,2151
71,35,2151
71,35,2151
71,35,2151
71,35,2151
21,284,35,603
5,8,5
21,5,5
35,21,71
21,71,260,77
480,480,5
21,11,5
35,5,5
5,5,35
35,35,5
35,35,5
5,297,5
284,35,35
35,35,284
284,35,35,284
5,35,35,284
35,480,5
480,35,35,284
284,35,35,284
284,35,284
284,35,284
35,480,5,284
35,5,5
5,480,35
284,35,35,284
284,35,35,5
35,5,5
253,5,5
651,5,253
21,35,2151
449,21,5
449,11,5,21,77
21,5,449
35,35,77
21,5,428
21,11,5
640,35,253
640,284,284,640,640
260,5,8,5,1005
35,284,11
603,11,11
603,35,284
1005,765,5
5,651,651,253
5,11,11
5,336,1005
351,5,5,35,35,5
11,5,8,5
11,351,351
35,35,35
35,640,35
35,428,297,35
765,765,5
5,8,5
35,35,35
351,351,35
35,35,21
336,261,765,35
5,8,8
5,8,8,5
8,8,5
5,8,284,284,28,28,284,284,28
5,8,5
5,8,5
35,5,5
253,35,603
603,35,253
253,35,603
603,35,351
603,35,253
603,35,253
603,35,253,59
603,253,77
253,35,603
603,35,253
253,253,35
253,35,603
603,35,253
253,59,35,603
875,603,603
253,35,603
603,253,59
59,253,35
603,875,603
603,35,253
603,35,253
603,35,253
603,603,603,35
603,35,253
603,35,253
253,5,284,35
603,35,253
603,35,253
253,35,603
603,35,253
253,35,603
253,35,21
260,284,35
5,8,21
351,35,260
35,603,21
35,21,297
297,21,35
35,5,5,35
35,5,8,5,35
35,875,5
35,480,5
35,21,297
35,21,297
35,765,35
35,253,35
35,21,297
5,284,284
104,35,640
1005,253,71
77,449,71
449,21,11
11,5,480
35,5,480,104
104,35,640
104,35,480,5
104,253,253,35,104
5,480,35,104
21,5,5,21
449,253,21,11
5,35,35
35,284,284,35,104
104,104,35
5,480,35
603,21,5
253,35,35,104
104,35,21
104,104,35,21
212,875,875
480,5,480,212
5,35,104
5,5,35
5,480,35
104,480,5,480
651,5,8,5,651,8,5,651
651,336,336
11,336,336
5,5,651,336
28,5,8
21,5,11
480,35,59
71,21,11
77,263,35
449,260,71
77,428,5
11,5,260,77
77,336,284
77,260,21,5,5
77,104,35,5,8,5
77,21,5
5,5,263,449,449,77
449,263,449,77
77,336,5,449
77,260,428,428
449,260,5,5
5,5,449
5,449,449
449,5,5
260,5,35,77
449,5,35
71,5,8
5,21,449
260,5,35,77
35,603,77
449,5,35
640,253,59
480,5,8
71,5,284
11,71,21,603
21,21,11
8,5,5,11
11,260,260,5,5,11
11,5,8,5,11
11,5,8
8,5,11
5,5,11
8,5,11
5,5,11
5,5,11
5,5,11
8,5,11
5,5,11
351,284,253
253,284,284
21,875,260
480,5,8
875,480,5
11,5,5
603,35,480
5,875,875
5,480,35
428,35,284
284,5,5,35
284,5,5
5,35,640
284,35,253,640
284,640,253
284,5,5
640,35,5,35
651,428,253,35,640
263,71,71,77
263,263,71
77,260,260
71,5,21,77
71,71,263
263,5,263,449
8,5,480,35
5,5,253
640,640,35
35,284,284,875
35,35,875
875,5,5,253
35,640,640,875
35,35,35
1,5,5
1,5,5
1,5,8,5
1,5,8
1,1,5,8
1,5,8,5
1,1,5
35,253,253,35,35
284,253,35
35,480,35
35,284,284,35
284,284,35
35,284,35
35,765,260
260,765,35
765,260,35
35,765,260
765,260,35
765,260,35
260,765,35
260,765,35
35,765,260
35,765,260
260,765,35
35,765,260
765,260,35
35,59,59
35,765,260
765,260,35
35,765,260
765,260,35
35,765,260
35,765,260
260,765,35
765,260,35
765,260,35
260,765,35
35,765,260
35,260,260
35,765,260
765,260,35
35,765,260
765,260,35
35,765,260
765,260,35
35,765,260
765,260,35
35,260,765
765,260,35
765,260,35
35,765,260,260
765,260,35
35,765,260
35,35,260
260,35,35
765,260,35
260,765,35
765,260,35
765,260,35
260,765,35
765,260,35,35
35,5,8
1,28,35,35
875,603,5,8,5,297,260,428
11,11,284,35
875,480,5,71
71,351,35,875
212,5,8,5,875
875,35,640,35,253,603,875
875,35,428,260,260,253,35,875
875,212,212,875,875
5,5,35,35,284,284
297,297,5,875,875,35,428,260
212,35,428,260
875,11,11,5
5,212,212,875,875
212,35,351,35,35,212
253,35,875
875,212,212,875,212,35,253
253,253,875,875,35,428,260
260,428,253,253,35
212,35,253,253,253,35,875
297,5,603,875
5,260,260,5,8,5,875
875,212,875
875,212,212,35,428,260,260,260
260,651,21,480,212
875,212,212,875
875,35,428,260
875,5,8,5
35,212,875
875,35,351,875
212,5,11
875,428,260
212,35,428,260
480,21,351,35,875
875,35,875
875,77,260
260,253,253,35,35
875,603,875
875,603,875
297,11,1,28,28,21
875,35,428,260
260,428,35,875
875,35,260,263,260,428,35
5,603,875,212,35,260
5,21,260
260,428,35,875
35,1,11
260,260,428,35,35,603,875
875,35,428,260
297,5,5
875,5,212,875
875,35,351,11,5,5,297
260,428,875
212,212,875
260,428,875
212,1,11,8
260,35,35,875
260,428,35,603,875,212
875,212,875
21,71,5,8,5,603
875,35,11,5,8,5,875
875,35,428,260,651
260,35,875
428,651,5,260,875
212,480,8,5,875
480,480,875,875,5
8,5,11,5,260
297,5,480,35,875,875,603,480
5,297,297
260,35,603,480,480,875
875,35,5,480,875
480,212,212,875
35,28,11,5,875
297,5,5,297,480
480,480,875
875,603,480,480,875
212,480,212
260,875,875
480,875,875,603,480
5,480,875
351,35,603,875
875,35,5,5,260
260,297,297
5,21,260,428,35,212
5,11,11,35,212
212,480,480,875,875
5,5,21,260
297,5,5,449,5
875,35,480,480,875
21,5,5,480
5,875,212
5,21,21,260
297,5,5,5
875,603,35,5,480,875
603,480,480
480,5,8,480,875,212
875,603,480,603,875
603,428,260,260
35,260,428,35,212
875,875,212,875
480,603,212,875
35,603,212,212
875,480,35,875
212,480,480,35,35,875
5,8,875
260,428,35,603,875
35,35,212,212,875
875,212,875
875,875,875
875,35,284,11,11
5,603,875
875,35,351,212,212
875,5,5,212,212,875
875,480,5,875
71,71,261
35,480,21
284,480,21
35,480,21
35,603,35
428,35,284
428,253,35
449,21,284
428,21,284
77,35,5
35,284,35
5,1,5
428,428,35
21,35,35
260,21,5
5,8,5
71,21,5
5,8,5
5,8,5
5,8,5
5,8,5
5,8,5
5,8,5
21,8,5
21,5,8,21,261,261,5
260,21,8,21,260
21,35,5,8,21
212,603,35
5,8,5,260
875,875,35
212,603,35,260
1,11,5,5,35
11,5,5,480,35
284,5,5,11
351,284,21
21,351,284
351,35,5,297
5,35,351
35,5,11
351,765,1005
765,21,71,297,651
71,5,11,28
297,71,5
5,21,71,297
5,21,71,297
5,8,5
8,5,35
8,5,35
35,5,5,35
297,260,260,35
35,480,5
253,35,35
35,253,253,35,35
35,8,5,35
5,8,5
260,21,5
284,5,8,5
71,5,35
5,5,1005
5,284,284,5,5
21,5,5
5,5,480,35,35
5,8,5
1,1,284,5,5
263,651,5,21,35
21,5,21
253,284,284,35
35,284,5,480
8,5,480
8,5,35
5,8,35
284,5,5,351
284,284,35
5,8,5
260,5,5,284
5,5,284
8,5,351,284
1005,5,351
351,5,8
5,260,5
5,8,480,351
284,5,253
5,5,336
284,5,8,284
5,8,284
21,5,284
284,5,8,5,284
5,5,35
5,8,5,21
5,21,11,1
5,11,1
1,11,5
11,5,5
21,11,1,11,21
21,5,5
1,11,21
1,11,5
1,11,21
1,11,5
21,11,1,1,11,5
5,11,1
1,11,5
1,11,5
5,11,1,1
5,11,1
1,11,5,5
1,5,5
5,11,1
1,11,5
1,11,5
1,11,5
1,11,5,5
1,11,5,5,21
1,11,5
21,11,1
5,11,1
5,11,1
1,11,5
1,11,5,5
1,11,5
5,11,1
1,11,5
1,11,5
5,11,1
1,11,5
1,11,5
1,11,5
5,11,1
1,11,5
1,11,5
1,11,5
5,11,1
5,11,1
1,11,5,5
1,11,5
1,11,5,8
1,11,5,5,11,1,1,11,5
1,11,5,8,5
1,1,11,21
5,11,1
1,11,5
1,11,5
1,11,5,21
1,11,5,8,5
35,5,8,5,8,5,21
1,11,5
5,11,1
1,11,5,5
1,11,5,8
1,11,5,5,8,5
1,5,21
1,11,5
1,11,5
1,11,5,8
1,11,5
1,11,5
1,11,5
1,11,5,5
5,11,1
1,11,5
1,11,5
1,8,5
1,11,5
11,5,8,5,5
1,11,5
5,11,1
1,5,8,5
5,11,1
1,11,5
35,104,104
35,104,104
21,5,8
21,5,5,21
21,35,35
5,8,5
21,253,253,253,253,21
21,428,428,253
253,253,21
21,5,11,11,71
5,480,35,480
35,253,253
5,428,253,253,21
28,5,21
480,35,77,480
11,1005,260
603,261,297,261
5,21,297,5
253,253,260
284,35,35,284
284,253,253,253
284,640,284
284,253,253
284,35,35
284,35,603
284,35,35
77,253,284
284,35,35
71,260,35
260,253,28
253,5,8
28,5,5
5,8,253
253,35,59
297,651,261
449,35,35
765,35,603
11,21,212,212
212,71,71,212
212,71,71,21,212
71,71,212
212,603,35,212
651,21,35
21,35,603
284,5,8
35,284,351
35,640,260
35,260,263
35,284,284
263,260,35
263,260,35
263,260,35
263,260,640
5,5,35
8,5,284
21,5,284
284,5,5,21,5,5,284
5,5,284
284,284,284
21,284,284
284,5,284
21,5,284,284
21,5,284
284,5,21
21,5,284
284,5,8
35,35,875
11,5,8
11,5,8
5,5,8
8,5,1
5,260,1005
8,5,284
8,5,21
260,35,212
8,5,1005
104,35,480
35,71,5,8
35,5,8
480,35,35
5,8,5
480,35,480
253,253,5
449,21,480
253,35,480
8,5,428
5,260,5,8
11,5,253
297,5,8,253
21,5,253
253,5,21,253
253,5,253
5,35,253
5,71,253
11,5,8
35,603,253
5,8,5,11
640,35,35,480,5
28,5,5,11
253,71,284
284,284,5,5,284
5,8,284
651,260,35
35,5,5
21,253,35
875,21,5,8
284,284,35
1005,260,5
1005,5,480,5,8,1005
21,260,1005
5,5,1005
5,5,1005
5,5,5,1005
480,651,1005
1005,21,1005
284,640,35
253,253,59,263
1005,1,1,253
253,284,284
253,5,8,5,59
5,8,284,284
297,5,603
297,35,35
35,284,35
284,5,8
8,35,35
35,5,8
297,71,449
297,71,21
297,71,71
297,71,449
5,8,284
21,765,1005
5,765,1005
253,253,5,8
5,5,11,11,5
35,253,253
5,5,35
5,8,5
5,5,336
5,5,428
449,651,260
449,21,5
11,5,21,336
263,261,5,11,28,1
260,28,1
5,8,8
651,5,5,28
351,284,284,351
351,284,284,351
21,21,5,5
5,11,351
351,284,284
351,351,11
428,77,284
351,35,35
35,603,351
5,8,5
297,5,253
8,5,35
35,5,8
5,5,35
253,253,640
480,5,5,8,640,640
640,253,5
651,428,284
260,428,284
651,428,253
284,428,651
284,428,651,253
284,428,651
284,428,651
253,428,651
284,428,651
651,428,284
284,428,651
651,260,21
284,428,651
284,428,651
651,5,284
284,428,651
284,428,651
284,428,651
284,428,651
253,428,651
284,428,651
5,5,8,284
284,428,651,651,284
284,428,651
284,428,651
284,428,651
35,480,5,8,5,11
260,5,8,8,5
35,21,5,8,5,21
5,8,21
35,875,875,35
284,284,35
35,875,21
449,449,71
351,284,640,640,284
28,11,11
11,21,351
351,284,253
651,253,104
297,263,263
5,5,5
5,5,5,5
5,5,5
5,5,5
5,5,5
5,5,5
5,284,284,5
5,5,5
5,5,5
5,5,5
5,8,5
5,8,5
5,8,5
5,8,5
5,8,5
765,5,5
5,428,253,21
1,263,263,11,1
5,35,35,35,5
5,35,35,5,5
5,5,21
5,35,104
104,35,5
284,5,253
253,253,284
284,253,284
284,35,284
284,5,336
284,875,253,284
284,11,284
