10502709@N05,7,11,27
10502709@N05,22,23,28
10502709@N05,21,22,23,28
10627620@N06,3,23,27
10627620@N06,21,23,30
11090433@N05,3,22,23,30
11191102@N07,4,16,22
11191102@N07,11,23,27
11191102@N07,7,22,30
11241023@N03,7,22,28
11349639@N00,4,16,30
13273343@N00,8,16,30
13528098@N00,8,16,30
13644648@N03,1,4,6,7,8,11,16,22,23,24,28,29,30
13672753@N00,4,8,16,22
13907834@N00,4,8,16
13907834@N00,11,21,27
14391210@N00,6,22,30
14391210@N00,22,23,28,30
14878709@N00,16,23,28
14878709@N00,8,16,21,22,23,27,28
15205252@N00,2,14,17
16048448@N00,7,16,21,22,23,28,29,30
16326397@N02,11,16,23
16693950@N00,16,22,23
16693950@N00,15,19,25
16693950@N00,7,8,16,21,22,23,28,30
16926694@N06,7,8,30
17373191@N00,1,8,21,22,28
18412989@N00,16,22,23
18412989@N00,21,23,24
18412989@N00,1,7,23
18948547@N00,22,23,28
20075574@N00,6,22,25
20342758@N00,4,8,16,23,24,28,30
20344209@N00,13,16,29
20456447@N03,1,7,8,16,21,22,30
20456447@N03,4,7,8,16
20456447@N03,3,6,22,29
20741443@N00,7,21,23,28,30
20741443@N00,7,23,30
20741443@N00,1,7,21
20741443@N00,7,22,23
20741443@N00,7,21,22,23,28
20741443@N00,7,23,28
20741443@N00,21,22,23
20741443@N00,21,28,30
20741443@N00,6,21,30
20741443@N00,7,23,28,30
20741443@N00,21,23,28
20741443@N00,21,22,30
20741443@N00,7,28,30
20741443@N00,7,21,22,23,30
20741443@N00,7,21,23,28
20741443@N00,11,21,22,23,28
20741443@N00,21,23,28
20741443@N00,7,22,30
20741443@N00,7,21,23,28,30
20741443@N00,8,23,28,30
20741443@N00,7,23,28,30
20741443@N00,23,28,30
20741443@N00,22,23,28
20741443@N00,7,23,28,30
20741443@N00,22,23,28
20741443@N00,16,23,30
20741443@N00,1,7,30
20741443@N00,7,8,30
20741443@N00,3,21,28
20741443@N00,7,21,23
20741443@N00,7,22,30
20741443@N00,21,23,30
20741443@N00,21,23,28,30
20741443@N00,8,16,30
20741443@N00,22,23,30
20741443@N00,7,11,21,22,23,28,30
20741443@N00,21,23,29
20741443@N00,7,21,30
20741443@N00,7,21,30
20741443@N00,21,27,29
20741443@N00,7,21,23,28
20741443@N00,21,23,28
20741443@N00,23,28,30
20741443@N00,7,21,30
20741443@N00,3,21,28
20741443@N00,7,22,23,29
20741443@N00,7,24,28
20741443@N00,7,23,24,28
22111831@N05,7,22,23
22979982@N06,23,25,29
22996605@N05,7,8,16,30
23119895@N00,7,8,16
23269969@N00,6,8,16,30
23339848@N00,11,13,30
23908938@N02,4,22,30
23908938@N02,7,16,28,30
23908938@N02,11,13,16
23987663@N00,11,21,22,23
23987663@N00,10,21,22,28
23987663@N00,22,23,28
24128704@N08,1,8,24
24395354@N02,6,11,26
24616128@N00,8,23,29
24854893@N00,16,17,19
24854893@N00,11,24,25,30
24854893@N00,16,24,25
25133522@N00,8,13,21,24
25475928@N04,21,23,28,30
25561968@N00,4,8,16
25802393@N02,4,7,8,16,23,30
25846522@N00,1,22,23,28
26195569@N00,6,11,27
26240579@N05,16,21,28,30
26344918@N04,1,7,22,28
26736723@N00,4,8,16
27008470@N00,8,22,30
27031977@N04,22,23,28
27168489@N00,8,16,21,22,23,28
27895744@N00,1,8,16
27947906@N08,13,16,24
28157992@N03,1,15,19
28288718@N03,21,27,30
28288718@N03,21,28,30
28288718@N03,23,28,30
29352917@N00,16,22,23,28
29352917@N00,16,29,30
29352917@N00,6,23,25
29619840@N00,4,8,16
30624156@N00,7,8,16,30
30624156@N00,21,22,23,28
30624156@N00,7,22,27,28,30
30739892@N03,21,22,28
30855862@N07,1,7,16
31114347@N05,8,24,30
31349854@N00,22,23,25
32044903@N04,7,27,28
32781576@N04,22,25,28
32827327@N03,6,11,20,24,25,30
32934461@N00,8,16,21,30
32944866@N04,11,22,29
33182025@N00,7,19,21,23
33473816@N00,8,22,30
33473816@N00,7,27,30
33547369@N00,22,23,28
33547369@N00,21,22,23
33906853@N00,1,22,29
34128007@N04,1,4,8,16,29
34211328@N00,4,24,30
34211328@N00,21,22,23
34211328@N00,2,14,17
34211328@N00,7,8,16
34211328@N00,2,14,17
34211328@N00,11,14,17,27
34211328@N00,6,11,22,23,29
34211328@N00,8,13,16
34211328@N00,7,21,22,23,30
34211328@N00,7,28,29
34314322@N00,16,22,28,29,30
34608255@N08,7,11,22
34619038@N00,6,22,28
34961066@N00,11,21,23
35034347485@N01,6,21,22,23,28
35034348378@N01,1,8,16,21,22,28,30
35107151@N04,6,7,22
35237095252@N01,4,7,16,30
35468159247@N01,6,16,21,24,30
35468159247@N01,21,22,23
35764233@N00,1,13,21,22,23
35764233@N00,16,21,22
36357702@N08,4,7,8,16,22,28,30
36553196@N08,6,16,22,30
37517876@N07,11,23,27
37517876@N07,1,6,7,21
37517876@N07,1,7,30
37517876@N07,21,22,24,28
37663331@N00,21,23,28
37804979@N00,16,21,22,28
37996606796@N01,8,16,24
39038071@N00,6,22,25
39357749@N00,7,16,30
39460517@N03,2,14,17
39460517@N03,21,22,23,28
39460517@N03,21,22,28
39460517@N03,21,22,23,28
39587684@N00,7,8,30
39587684@N00,1,7,25
39587684@N00,22,23,28
41721440@N00,21,23,28
41894165897@N01,7,11,29
42536354@N00,6,21,25
42907325@N00,4,16,28
43139087@N00,7,24,30
43139087@N00,7,21,22,23,28
43334562@N00,7,21,23
43919105@N02,22,23,28
44124367252@N01,4,6,16
44359705@N07,4,16,21,30
44654079@N05,6,22,28
44925192@N00,4,7,16,21,30
46769540@N00,6,22,28
47501960@N00,3,23,28
47501960@N00,21,23,27
47554402@N00,21,23,28
47616704@N00,4,6,7,16,22,24,30
48085290@N00,7,16,30
48453097@N00,21,25,28
48678427@N06,6,21,22,28,29
48784629@N00,4,8,16
49503002894@N01,3,8,22
49503002894@N01,8,19,22
49503002894@N01,8,16,22
49877040@N03,4,16,25
49894734@N00,21,22,23
50542255@N00,7,16,28
50642338@N00,11,27,30
51035555243@N01,21,22,23,30
51035610516@N01,4,8,16,21,30
51035681908@N01,4,11,16,21,22,25
51035729697@N01,6,7,30
51260381@N05,7,25,30
53874606@N00,1,8,16
54058873@N00,3,8,21,22,23,28
55929357@N00,22,23,28
57519914@N00,7,8,16,22,28
58919362@N00,22,24,30
58919362@N00,7,21,23,30
59525924@N05,1,4,10
60142746@N00,16,23,30
60597745@N00,4,22,28
60597745@N00,4,13,16
61239510@N00,8,24,30
61377999@N03,6,21,22
61377999@N03,4,16,22
61377999@N03,7,11,25
61609579@N00,21,22,23,28
62373848@N00,4,16,28
62486370@N00,2,14,17
63706803@N00,22,23,29
64834051@N00,4,8,16
65438265@N00,7,16,22,30
66922282@N00,22,23,28
67194633@N00,16,22,29
67694608@N00,4,16,22,28
67952341@N00,4,8,16
68803445@N00,4,8,16
69525052@N06,21,22,30
69754957@N00,1,2,3,4,7,11,16,23,30
69754957@N00,3,21,29,30
70289230@N00,23,27,29
70554294@N00,16,22,28,29,30
71206023@N00,8,16,24
71482738@N00,8,11,16,25,30
71482738@N00,6,21,22,28
72236905@N00,8,11,27
72778314@N00,4,21,22,23,25,28
73416633@N00,6,21,23
75396048@N00,21,24,30
75450299@N07,6,21,22,25,28
75450299@N07,21,22,28
77112637@N00,21,22,23
7776449@N06,11,22,29
7776449@N06,6,21,23,25,27
78015320@N00,6,8,16,22,28
78015320@N00,6,11,13
78433558@N00,1,7,28
8070489@N02,22,23,28
8110030@N05,1,4,7,16,19,21,23,24,28,30
81471618@N06,21,23,28
81471618@N06,11,15,19
8250978@N04,7,8,22,28,30
82845843@N04,6,11,27
84035351@N00,21,23,30
84518681@N00,4,8,16
84711541@N00,7,21,22,23,30
84800532@N02,11,16,22
84987970@N00,21,22,23,28
84987970@N00,3,21,22,25
84987970@N00,2,4,17
84987970@N00,3,7,22,23,29
84987970@N00,3,21,22
84987970@N00,3,21,23
84987970@N00,3,22,30
84987970@N00,6,16,21,22,23,30
84987970@N00,1,21,23
84987970@N00,6,7,21,22,23,28,30
84987970@N00,21,22,23
84987970@N00,3,7,21,22,23,28,30
84987970@N00,4,6,7,21,28,30
84987970@N00,21,22,23,27,28,29
84987970@N00,6,21,23,28
84987970@N00,11,22,24,29
84987970@N00,21,22,28
84987970@N00,2,14,17
84987970@N00,7,22,28,30
84987970@N00,3,22,23,28
84987970@N00,15,19,24
84987970@N00,21,22,23
84987970@N00,3,21,22,23,28
84987970@N00,21,22,30
85801042@N00,3,4,7,8,16,21,23,28
86292040@N00,1,8,16,23,30
87473264@N00,13,16,24
88276719@N00,7,16,30
89613559@N07,7,8,16
9025385@N07,7,16,24,30
9025385@N07,1,4,7,16,30
91008793@N00,4,6,8,11,16
91032493@N00,7,16,22,28,30
91255327@N00,3,6,21,22
9161595@N03,6,16,21,22
92487715@N03,7,16,22
93241698@N00,22,23,28
93241698@N00,16,22,23
93897327@N00,7,11,16,24
94064020@N00,6,11,21,28
9416709@N08,8,16,22
9449875@N03,21,23,28
9449875@N03,2,14,17
94725783@N00,21,22,23,25
94828981@N08,21,23,28
96083563@N00,7,11,16
96684313@N00,7,8,30
97675182@N00,2,14,17
98185064@N00,4,16,28
98222757@N02,7,23,24,28
98715075@N00,1,4,30
98715075@N00,21,22,23
9911655@N08,8,25,29
9911655@N08,21,28,30
99127884@N00,21,23,28
99127884@N00,1,6,7,11,15,22,28,29,30
99436246@N00,16,22,29
99771506@N00,2,7,11,13,21,23,29,30
9985167@N04,21,22,28
9985167@N04,21,23,28
9985167@N04,3,22,23,28,30
