39.98,116.32,1
39.98,116.31,2
39.98,116.3,3
40.0,116.29,4
39.99,116.31,5
39.99,116.32,6
40.0,116.32,7
40.01,116.32,8
39.91,116.37,9
39.91,116.38,10
39.91,116.39,11
39.9,116.39,12
39.89,116.39,13
39.89,116.36,14
39.89,116.35,15
39.89,116.34,16
39.9,116.34,17
39.9,116.33,18
39.91,116.31,19
39.92,116.3,20
39.92,116.31,21
39.92,116.32,22
39.99,116.33,23
40.0,116.33,24
40.01,116.3,25
40.0,116.3,26
40.0,116.31,27
40.01,116.31,28
39.98,116.33,29
39.97,116.33,30
40.01,116.29,31
39.97,116.31,32
39.96,116.32,33
39.95,116.32,34
40.02,116.32,35
40.01,116.33,36
39.99,116.3,37
40.02,116.31,38
39.98,116.34,39
39.99,116.34,40
39.99,116.35,41
39.99,116.36,42
39.99,116.37,43
39.99,116.38,44
39.99,116.39,45
39.99,116.4,46
39.99,116.41,47
39.98,116.41,48
39.98,116.42,49
39.99,116.42,50
39.99,116.43,51
39.98,116.44,52
39.98,116.45,53
39.97,116.46,54
39.97,116.47,55
39.98,116.48,56
39.99,116.49,57
40.0,116.5,58
40.01,116.51,59
40.02,116.52,60
40.02,116.53,61
40.03,116.55,62
40.03,116.56,63
40.03,116.58,64
40.03,116.59,65
40.03,116.6,66
40.03,116.61,67
40.04,116.61,68
40.05,116.61,69
40.05,116.6,70
40.05,116.59,71
40.06,116.58,72
40.07,116.58,73
40.08,116.59,74
40.08,116.58,75
40.05,116.58,76
40.04,116.57,77
40.02,116.54,78
39.98,116.46,79
39.99,116.44,80
40.0,116.28,81
40.0,116.27,82
39.99,116.27,83
40.0,116.26,84
39.99,116.29,85
39.98,116.29,86
39.97,116.32,87
39.91,116.41,88
39.91,116.4,89
39.9,116.38,90
39.9,116.37,91
39.9,116.36,92
39.9,116.35,93
39.91,116.35,94
39.92,116.35,95
39.93,116.35,96
39.93,116.34,97
39.94,116.34,98
39.94,116.33,99
39.94,116.32,100
39.97,116.34,101
39.96,116.34,102
39.95,116.35,103
39.94,116.35,104
39.95,116.37,105
39.94,116.37,106
39.94,116.38,107
39.94,116.39,108
39.93,116.39,109
39.93,116.38,110
39.93,116.37,111
39.93,116.36,112
39.95,116.33,113
39.96,116.33,114
39.98,116.47,115
39.99,116.48,116
40.0,116.49,117
40.03,116.54,118
40.03,116.57,119
40.04,116.58,120
39.98,116.28,121
39.97,116.27,122
39.96,116.27,123
39.95,116.27,124
39.94,116.27,125
39.93,116.27,126
39.92,116.26,127
39.92,116.25,128
39.92,116.23,129
39.92,116.22,130
39.92,116.21,131
39.91,116.21,132
39.91,116.2,133
39.9,116.2,134
39.89,116.2,135
39.87,116.2,136
39.86,116.21,137
39.85,116.21,138
39.84,116.22,139
39.83,116.23,140
39.82,116.25,141
39.81,116.25,142
39.8,116.26,143
39.79,116.26,144
39.78,116.27,145
39.77,116.28,146
39.78,116.29,147
39.77,116.3,148
39.76,116.3,149
39.79,116.28,150
39.8,116.28,151
39.81,116.29,152
39.81,116.28,153
39.82,116.28,154
39.83,116.28,155
39.84,116.28,156
39.85,116.28,157
39.86,116.28,158
39.88,116.27,159
39.89,116.27,160
39.9,116.27,161
39.91,116.27,162
39.92,116.27,163
39.97,116.28,164
39.93,116.25,165
39.92,116.2,166
39.89,116.21,167
39.88,116.2,168
39.77,116.29,169
39.78,116.28,170
39.87,116.27,171
39.9,116.26,172
39.9,116.24,173
39.9,116.23,174
39.9,116.21,175
39.85,116.22,176
39.83,116.24,177
39.81,116.26,178
39.87,116.21,179
39.78,116.26,180
39.77,116.27,181
39.87,116.28,182
39.84,116.23,183
39.85,116.23,184
39.86,116.24,185
39.86,116.25,186
39.87,116.26,187
39.91,116.47,188
39.91,116.48,189
39.91,116.49,190
39.91,116.5,191
39.91,116.51,192
39.91,116.53,193
39.91,116.54,194
39.91,116.56,195
39.91,116.57,196
39.91,116.58,197
39.91,116.6,198
39.91,116.61,199
39.91,116.62,200
39.92,116.63,201
39.93,116.64,202
39.93,116.65,203
39.92,116.65,204
39.92,116.67,205
39.92,116.68,206
39.92,116.7,207
39.92,116.71,208
39.93,116.72,209
39.93,116.74,210
39.93,116.75,211
39.93,116.76,212
39.94,116.77,213
39.94,116.79,214
39.94,116.8,215
39.95,116.79,216
39.95,116.8,217
39.95,116.78,218
39.94,116.78,219
39.94,116.76,220
39.93,116.73,221
39.92,116.72,222
39.92,116.69,223
39.93,116.63,224
39.91,116.52,225
39.88,116.45,226
39.87,116.45,227
39.86,116.45,228
39.86,116.46,229
39.87,116.46,230
39.87,116.47,231
39.88,116.47,232
39.89,116.47,233
39.9,116.47,234
39.91,116.55,235
39.91,116.59,236
39.92,116.64,237
39.92,116.66,238
39.91,116.42,239
39.9,116.41,240
39.95,116.34,241
40.02,116.33,242
40.01,116.5,243
40.02,116.51,244
39.94,116.31,245
39.92,116.34,246
39.92,116.36,247
39.89,116.45,248
39.88,116.44,249
39.87,116.44,250
39.87,116.43,251
39.88,116.43,252
39.86,116.43,253
39.86,116.42,254
39.89,116.46,255
39.88,116.46,256
39.9,116.42,257
40.0,116.34,258
40.0,116.44,259
40.01,116.45,260
40.01,116.47,261
40.01,116.48,262
40.01,116.46,263
40.02,116.45,264
40.03,116.46,265
40.03,116.47,266
40.04,116.47,267
40.05,116.48,268
40.06,116.48,269
40.08,116.48,270
40.09,116.48,271
40.11,116.48,272
40.12,116.48,273
40.14,116.48,274
40.16,116.48,275
40.17,116.48,276
40.18,116.48,277
40.2,116.49,278
40.21,116.5,279
40.21,116.49,280
40.19,116.48,281
40.15,116.48,282
40.1,116.48,283
40.09,116.47,284
40.1,116.49,285
40.11,116.49,286
40.12,116.49,287
40.13,116.49,288
40.04,116.48,289
39.98,116.37,290
39.98,116.38,291
39.97,116.38,292
39.95,116.46,293
39.91,116.43,294
39.96,116.35,295
39.98,116.35,296
40.01,116.34,297
40.02,116.34,298
40.02,116.35,299
40.03,116.34,300
40.04,116.34,301
40.04,116.33,302
40.05,116.33,303
40.05,116.32,304
40.06,116.32,305
40.07,116.31,306
40.08,116.3,307
40.09,116.3,308
40.09,116.29,309
40.1,116.29,310
40.1,116.28,311
40.11,116.27,312
40.12,116.27,313
40.12,116.26,314
40.12,116.25,315
40.12,116.24,316
40.12,116.23,317
40.12,116.22,318
40.12,116.21,319
40.12,116.2,320
40.12,116.19,321
40.12,116.18,322
40.13,116.17,323
40.13,116.16,324
40.13,116.15,325
40.13,116.14,326
40.13,116.13,327
40.12,116.13,328
40.11,116.13,329
40.11,116.12,330
40.11,116.11,331
40.11,116.1,332
40.1,116.09,333
40.1,116.1,334
40.09,116.1,335
40.09,116.09,336
40.09,116.08,337
40.1,116.08,338
40.1,116.07,339
40.11,116.09,340
40.1,116.11,341
40.09,116.11,342
40.09,116.12,343
40.08,116.12,344
40.08,116.11,345
40.09,116.13,346
40.1,116.13,347
40.14,116.13,348
40.11,116.28,349
40.07,116.32,350
40.07,116.3,351
40.06,116.3,352
40.05,116.3,353
40.04,116.31,354
40.03,116.31,355
39.93,116.32,356
39.93,116.33,357
39.92,116.33,358
39.91,116.33,359
39.9,116.32,360
39.91,116.32,361
40.06,116.59,362
40.07,116.59,363
39.98,116.36,364
39.97,116.36,365
39.96,116.36,366
39.96,116.37,367
40.02,116.3,368
40.02,116.29,369
40.01,116.28,370
40.02,116.28,371
40.03,116.27,372
40.04,116.26,373
40.04,116.25,374
40.05,116.25,375
40.06,116.24,376
40.07,116.24,377
40.08,116.23,378
40.08,116.24,379
40.02,116.27,380
40.0,116.25,381
40.0,116.24,382
40.0,116.23,383
40.0,116.22,384
39.99,116.22,385
39.99,116.21,386
39.99,116.2,387
40.0,116.2,388
40.0,116.19,389
40.01,116.19,390
40.0,116.18,391
40.0,116.17,392
40.0,116.16,393
40.0,116.15,394
39.99,116.15,395
39.99,116.16,396
39.99,116.17,397
39.99,116.19,398
40.07,116.33,399
40.07,116.34,400
40.08,116.34,401
40.06,116.29,402
40.03,116.32,403
39.98,116.39,404
39.97,116.35,405
40.04,116.3,406
39.97,116.37,407
39.97,116.39,408
39.97,116.4,409
39.97,116.41,410
39.97,116.42,411
39.97,116.43,412
39.96,116.44,413
39.96,116.43,414
39.96,116.42,415
39.95,116.44,416
39.96,116.31,417
39.96,116.3,418
39.97,116.3,419
39.9,116.22,420
39.91,116.19,421
39.91,116.18,422
39.92,116.18,423
39.93,116.18,424
39.93,116.19,425
39.94,116.19,426
39.95,116.19,427
39.95,116.18,428
39.96,116.18,429
39.96,116.17,430
39.91,116.36,431
39.9,116.31,432
39.9,116.3,433
39.9,116.29,434
39.9,116.28,435
39.9,116.25,436
39.88,116.26,437
39.89,116.26,438
39.92,116.19,439
39.93,116.2,440
39.94,116.2,441
39.92,116.17,442
39.92,116.16,443
39.92,116.15,444
39.92,116.14,445
39.93,116.14,446
39.93,116.13,447
39.94,116.12,448
39.94,116.11,449
39.93,116.11,450
39.92,116.11,451
39.91,116.11,452
39.9,116.1,453
39.89,116.1,454
39.89,116.11,455
39.89,116.12,456
39.89,116.13,457
39.89,116.15,458
39.89,116.16,459
39.89,116.17,460
39.89,116.18,461
39.94,116.36,462
39.91,116.34,463
40.0,116.37,464
40.0,116.36,465
39.91,116.3,466
39.91,116.29,467
39.91,116.28,468
39.91,116.26,469
39.91,116.25,470
39.91,116.24,471
39.91,116.23,472
39.91,116.22,473
39.92,116.37,474
39.89,116.38,475
39.93,116.4,476
39.93,116.41,477
39.93,116.42,478
39.93,116.43,479
39.93,116.44,480
39.93,116.45,481
39.93,116.46,482
39.94,116.46,483
39.91,116.44,484
39.91,116.45,485
39.9,116.44,486
39.9,116.46,487
39.9,116.45,488
39.93,116.47,489
39.91,116.46,490
39.88,116.3,491
39.89,116.65,492
39.89,116.66,493
39.88,116.66,494
39.88,116.65,495
39.9,116.63,496
39.88,116.34,497
39.87,116.34,498
39.86,116.34,499
39.85,116.34,500
39.84,116.34,501
39.83,116.34,502
39.82,116.34,503
39.81,116.34,504
39.8,116.34,505
39.79,116.34,506
39.78,116.34,507
39.79,116.35,508
39.84,116.35,509
39.84,116.36,510
39.85,116.36,511
39.86,116.36,512
39.87,116.36,513
39.87,116.35,514
39.92,116.4,515
39.89,116.41,516
40.05,116.29,517
39.89,116.37,518
40.01,116.2,519
39.95,116.36,520
40.0,116.4,521
40.01,116.4,522
40.02,116.4,523
40.03,116.4,524
40.04,116.41,525
40.05,116.41,526
40.06,116.41,527
40.06,116.4,528
40.07,116.4,529
40.04,116.4,530
40.0,116.39,531
40.0,116.38,532
39.96,116.47,533
39.95,116.48,534
39.94,116.48,535
39.93,116.48,536
39.92,116.48,537
39.95,116.4,538
39.95,116.39,539
39.95,116.38,540
39.83,116.29,541
39.84,116.29,542
40.07,116.36,543
40.07,116.37,544
40.06,116.39,545
40.05,116.4,546
40.04,116.42,547
40.04,116.43,548
40.04,116.44,549
40.03,116.45,550
39.98,116.43,551
40.08,116.6,552
39.96,116.45,553
39.95,116.45,554
39.92,116.46,555
39.92,116.45,556
39.86,116.44,557
39.86,116.41,558
39.86,116.4,559
39.86,116.39,560
39.86,116.38,561
39.86,116.37,562
39.85,116.35,563
39.77,116.34,564
39.76,116.34,565
39.76,116.33,566
39.75,116.33,567
39.74,116.33,568
39.73,116.33,569
39.73,116.34,570
39.72,116.34,571
39.72,116.35,572
39.71,116.35,573
39.71,116.36,574
39.72,116.36,575
39.92,116.51,576
39.92,116.52,577
39.92,116.53,578
39.9,116.6,579
39.92,116.55,580
39.92,116.54,581
39.94,116.57,582
39.88,116.38,583
39.88,116.39,584
39.89,116.4,585
39.88,116.41,586
39.88,116.42,587
39.89,116.44,588
39.87,116.41,589
39.87,116.42,590
39.92,116.39,591
39.92,116.38,592
39.89,116.43,593
40.0,116.35,594
40.01,116.35,595
40.03,116.35,596
40.13,116.26,597
40.14,116.26,598
40.14,116.25,599
40.15,116.25,600
40.16,116.24,601
40.17,116.24,602
40.18,116.23,603
40.19,116.23,604
40.2,116.22,605
40.21,116.22,606
40.22,116.22,607
40.22,116.23,608
40.22,116.24,609
40.22,116.25,610
40.22,116.26,611
40.21,116.24,612
40.01,116.36,613
39.9,116.43,614
39.87,116.4,615
39.87,116.39,616
39.87,116.37,617
39.85,116.33,618
39.85,116.31,619
39.85,116.29,620
39.84,116.27,621
39.83,116.27,622
39.81,116.27,623
39.79,116.27,624
39.75,116.3,625
39.73,116.31,626
39.71,116.34,627
39.69,116.36,628
39.67,116.38,629
39.66,116.41,630
39.64,116.44,631
39.63,116.46,632
39.65,116.44,633
39.8,116.27,634
39.82,116.27,635
39.85,116.3,636
39.85,116.32,637
39.87,116.38,638
39.92,116.29,639
39.94,116.29,640
39.95,116.29,641
39.96,116.29,642
39.99,116.28,643
39.99,116.45,644
40.01,116.37,645
40.18,116.24,646
40.19,116.24,647
40.19,116.25,648
40.2,116.23,649
40.17,116.23,650
40.06,116.31,651
40.05,116.31,652
40.06,116.38,653
40.03,116.41,654
40.02,116.41,655
40.01,116.41,656
40.0,116.41,657
40.07,116.35,658
40.05,116.42,659
39.95,116.31,660
39.95,116.3,661
39.94,116.3,662
39.93,116.3,663
39.89,116.29,664
39.88,116.35,665
39.88,116.36,666
40.0,116.45,667
40.0,116.46,668
40.06,116.35,669
39.93,116.31,670
39.94,116.43,671
39.94,116.42,672
39.92,116.42,673
39.95,116.42,674
39.96,116.41,675
39.76,116.28,676
39.71,116.33,677
39.7,116.35,678
39.68,116.37,679
39.67,116.39,680
39.66,116.42,681
40.09,116.58,682
39.98,116.4,683
39.96,116.4,684
39.95,116.41,685
39.95,116.43,686
39.92,116.41,687
39.96,116.28,688
39.95,116.26,689
39.95,116.25,690
39.95,116.24,691
39.95,116.23,692
39.95,116.22,693
39.92,116.28,694
39.87,116.25,695
39.93,116.24,696
39.86,116.23,697
39.93,116.54,698
39.92,116.24,699
39.76,116.31,700
39.76,116.32,701
39.75,116.32,702
39.74,116.32,703
39.74,116.31,704
39.74,116.3,705
39.74,116.29,706
39.74,116.28,707
39.73,116.29,708
40.09,116.59,709
40.09,116.49,710
40.07,116.48,711
40.12,116.17,712
40.03,116.33,713
40.03,116.39,714
40.03,116.37,715
40.02,116.36,716
39.89,116.3,717
39.87,116.31,718
39.87,116.32,719
39.87,116.33,720
39.86,116.33,721
39.86,116.32,722
39.88,116.37,723
39.85,116.47,724
40.07,116.29,725
40.08,116.28,726
40.1,116.27,727
40.13,116.25,728
40.15,116.24,729
40.16,116.22,730
40.17,116.21,731
40.18,116.2,732
40.18,116.19,733
40.19,116.19,734
40.19,116.2,735
40.19,116.21,736
40.18,116.22,737
40.18,116.21,738
40.21,116.23,739
40.08,116.31,740
39.87,116.3,741
39.86,116.3,742
39.86,116.31,743
39.86,116.29,744
40.08,116.29,745
40.09,116.28,746
40.19,116.18,747
40.2,116.18,748
40.21,116.17,749
40.22,116.15,750
40.23,116.12,751
40.23,116.11,752
40.24,116.12,753
40.24,116.13,754
40.25,116.13,755
40.26,116.12,756
40.26,116.11,757
40.27,116.1,758
40.27,116.09,759
40.28,116.08,760
40.28,116.07,761
40.29,116.07,762
40.3,116.06,763
40.31,116.05,764
40.31,116.04,765
40.32,116.04,766
40.33,116.03,767
40.34,116.03,768
40.34,116.02,769
40.35,116.01,770
40.34,116.01,771
40.36,116.0,772
40.36,115.99,773
40.36,115.98,774
40.36,115.97,775
40.36,115.96,776
40.37,115.95,777
40.37,115.93,778
40.38,115.92,779
40.39,115.92,780
40.4,115.93,781
40.42,115.94,782
40.43,115.96,783
40.43,115.97,784
40.43,115.98,785
40.44,115.98,786
40.42,115.95,787
40.41,115.93,788
40.4,115.92,789
40.35,116.02,790
40.33,116.04,791
40.3,116.05,792
40.28,116.09,793
40.25,116.12,794
39.76,116.29,795
39.72,116.32,796
39.7,116.34,797
39.67,116.4,798
39.65,116.42,799
39.65,116.43,800
39.68,116.38,801
39.73,116.32,802
39.88,116.31,803
39.97,115.98,804
39.96,115.98,805
39.95,115.98,806
39.95,115.97,807
39.94,115.98,808
39.94,115.99,809
39.93,115.99,810
39.93,116.0,811
39.93,116.01,812
39.93,116.02,813
39.93,116.03,814
39.93,116.04,815
39.93,116.05,816
39.93,116.06,817
39.93,116.07,818
39.94,116.07,819
39.94,116.08,820
39.84,116.21,821
39.84,116.2,822
39.83,116.2,823
39.82,116.2,824
39.81,116.2,825
39.81,116.19,826
39.81,116.18,827
39.8,116.17,828
39.81,116.17,829
39.81,116.16,830
39.81,116.15,831
39.81,116.14,832
39.82,116.21,833
39.83,116.21,834
39.88,116.28,835
39.88,116.29,836
39.89,116.31,837
40.07,116.23,838
40.07,116.21,839
40.07,116.2,840
40.07,116.19,841
40.07,116.18,842
40.07,116.16,843
40.07,116.14,844
40.07,116.13,845
40.08,116.13,846
40.08,116.09,847
40.07,116.15,848
40.07,116.17,849
40.07,116.22,850
40.05,116.26,851
40.05,116.27,852
40.05,116.28,853
40.04,116.32,854
39.93,116.17,855
39.93,116.16,856
39.94,116.17,857
39.95,116.17,858
39.96,116.16,859
39.97,116.17,860
39.98,116.17,861
39.97,116.16,862
39.96,116.15,863
39.96,116.14,864
39.95,116.13,865
39.96,116.13,866
39.95,116.12,867
39.94,116.13,868
39.94,116.14,869
39.94,116.15,870
39.93,116.15,871
39.97,116.29,872
40.03,116.26,873
39.9,116.61,874
39.91,116.63,875
39.9,116.64,876
39.89,116.64,877
39.88,116.67,878
39.87,116.68,879
39.87,116.69,880
39.87,116.7,881
39.86,116.71,882
39.86,116.72,883
39.86,116.73,884
39.85,116.74,885
39.85,116.75,886
39.84,116.76,887
39.84,116.77,888
39.83,116.77,889
39.82,116.77,890
39.81,116.77,891
39.8,116.78,892
39.79,116.78,893
39.78,116.78,894
39.78,116.79,895
39.77,116.78,896
39.77,116.79,897
39.76,116.78,898
39.75,116.78,899
39.74,116.78,900
39.74,116.79,901
39.73,116.78,902
39.72,116.78,903
39.71,116.78,904
39.7,116.78,905
39.69,116.77,906
39.68,116.77,907
39.67,116.77,908
39.67,116.78,909
39.66,116.78,910
39.65,116.78,911
39.64,116.78,912
39.63,116.78,913
39.63,116.73,914
39.64,116.72,915
39.64,116.7,916
39.65,116.68,917
39.66,116.67,918
39.67,116.66,919
39.68,116.65,920
39.69,116.63,921
39.71,116.62,922
39.72,116.6,923
39.73,116.59,924
39.74,116.57,925
39.76,116.56,926
39.77,116.55,927
39.79,116.53,928
39.8,116.52,929
39.81,116.51,930
39.82,116.5,931
39.82,116.49,932
39.84,116.48,933
39.86,116.26,934
39.85,116.39,935
39.84,116.39,936
39.83,116.39,937
39.83,116.4,938
39.82,116.4,939
39.81,116.4,940
39.8,116.4,941
39.8,116.39,942
39.8,116.38,943
39.8,116.37,944
39.79,116.38,945
39.78,116.38,946
40.0,116.42,947
40.03,116.3,948
40.04,116.29,949
39.92,116.47,950
39.72,116.33,951
39.64,116.45,952
39.69,116.35,953
39.66,116.4,954
39.9,116.48,955
39.9,116.49,956
39.9,116.5,957
39.9,116.51,958
39.9,116.52,959
39.9,116.53,960
39.9,116.54,961
39.9,116.55,962
39.9,116.56,963
40.07,116.57,964
39.9,116.57,965
39.63,116.06,966
39.64,116.08,967
39.66,116.09,968
39.67,116.1,969
39.69,116.11,970
39.71,116.13,971
39.72,116.14,972
39.73,116.14,973
39.73,116.15,974
39.74,116.15,975
39.75,116.16,976
39.78,116.18,977
39.79,116.19,978
39.8,116.18,979
39.82,116.16,980
39.83,116.16,981
39.84,116.17,982
39.86,116.17,983
39.87,116.17,984
39.88,116.17,985
39.89,116.19,986
39.89,116.22,987
39.89,116.24,988
39.89,116.25,989
39.89,116.28,990
39.89,116.32,991
40.07,116.6,992
40.06,116.6,993
40.12,116.59,994
40.18,116.63,995
40.22,116.7,996
40.22,116.81,997
40.18,116.89,998
40.1,116.89,999
40.01,116.87,1000
39.92,116.87,1001
39.82,116.89,1002
39.72,116.9,1003
39.89,116.33,1004
39.83,116.33,1005
39.8,116.32,1006
39.77,116.31,1007
39.63,116.07,1008
39.68,116.11,1009
39.69,116.12,1010
39.76,116.17,1011
39.89,116.23,1012
39.9,116.4,1013
39.75,116.29,1014
40.04,116.59,1015
40.04,116.6,1016
39.63,116.82,1017
39.64,116.8,1018
39.65,116.79,1019
39.67,116.76,1020
39.7,116.74,1021
39.73,116.71,1022
39.75,116.68,1023
39.77,116.65,1024
39.79,116.62,1025
39.81,116.6,1026
39.82,116.59,1027
39.83,116.56,1028
39.83,116.53,1029
39.85,116.17,1030
39.83,116.17,1031
39.82,116.17,1032
39.8,116.19,1033
39.77,116.18,1034
39.7,116.13,1035
40.07,116.61,1036
40.06,116.61,1037
39.85,116.48,1038
39.85,116.46,1039
39.84,116.49,1040
39.82,116.58,1041
39.8,116.62,1042
39.74,116.68,1043
39.72,116.72,1044
39.69,116.75,1045
39.63,116.81,1046
40.22,116.21,1047
40.23,116.21,1048
40.24,116.21,1049
40.25,116.21,1050
40.26,116.21,1051
40.27,116.21,1052
40.27,116.2,1053
40.26,116.19,1054
40.26,116.2,1055
39.63,116.45,1056
40.16,116.23,1057
40.2,116.17,1058
40.21,116.15,1059
40.22,116.13,1060
40.37,115.94,1061
40.43,115.95,1062
40.24,116.11,1063
40.22,116.14,1064
40.21,116.16,1065
40.14,116.24,1066
39.84,116.33,1067
39.82,116.32,1068
39.81,116.32,1069
39.79,116.31,1070
39.78,116.31,1071
40.08,116.32,1072
40.08,116.33,1073
40.09,116.34,1074
40.09,116.35,1075
40.09,116.36,1076
40.1,116.36,1077
40.1,116.37,1078
40.2,116.24,1079
40.2,116.25,1080
40.23,116.26,1081
40.24,116.26,1082
40.24,116.27,1083
40.24,116.28,1084
40.25,116.28,1085
40.15,116.23,1086
40.21,116.19,1087
40.22,116.2,1088
40.23,116.22,1089
40.23,116.23,1090
40.23,116.24,1091
40.23,116.25,1092
40.23,116.27,1093
40.24,116.29,1094
40.23,116.29,1095
40.23,116.3,1096
40.23,116.31,1097
40.22,116.31,1098
40.22,116.32,1099
40.22,116.33,1100
40.22,116.34,1101
40.23,116.35,1102
40.23,116.36,1103
40.23,116.37,1104
40.23,116.39,1105
40.23,116.4,1106
40.24,116.41,1107
40.24,116.43,1108
40.24,116.44,1109
40.24,116.45,1110
40.24,116.46,1111
40.25,116.47,1112
40.25,116.48,1113
40.26,116.49,1114
40.27,116.5,1115
40.27,116.51,1116
40.28,116.52,1117
40.29,116.52,1118
40.3,116.53,1119
40.31,116.53,1120
40.31,116.54,1121
40.32,116.54,1122
40.32,116.55,1123
40.33,116.56,1124
40.34,116.57,1125
40.35,116.58,1126
40.35,116.59,1127
40.35,116.6,1128
40.35,116.61,1129
40.35,116.62,1130
40.36,116.63,1131
40.36,116.64,1132
40.36,116.65,1133
40.37,116.65,1134
40.38,116.66,1135
40.38,116.67,1136
40.39,116.68,1137
40.4,116.68,1138
40.4,116.69,1139
40.41,116.69,1140
40.41,116.68,1141
40.39,116.67,1142
40.35,116.64,1143
40.34,116.64,1144
40.33,116.64,1145
40.33,116.65,1146
40.32,116.65,1147
40.31,116.64,1148
40.3,116.63,1149
40.29,116.62,1150
40.28,116.61,1151
40.27,116.62,1152
40.26,116.62,1153
40.25,116.63,1154
40.24,116.63,1155
40.23,116.64,1156
40.22,116.64,1157
40.21,116.64,1158
40.19,116.64,1159
40.18,116.64,1160
40.17,116.64,1161
40.16,116.64,1162
40.15,116.64,1163
40.14,116.64,1164
40.13,116.64,1165
40.12,116.64,1166
40.11,116.64,1167
40.1,116.64,1168
40.09,116.65,1169
40.07,116.65,1170
40.06,116.65,1171
40.05,116.66,1172
40.03,116.66,1173
40.02,116.67,1174
40.02,116.68,1175
40.01,116.68,1176
40.0,116.68,1177
39.99,116.68,1178
39.98,116.68,1179
39.97,116.67,1180
39.96,116.66,1181
39.95,116.65,1182
39.9,116.62,1183
39.89,116.61,1184
39.89,116.6,1185
39.9,116.59,1186
39.9,116.58,1187
40.17,116.22,1188
39.85,116.41,1189
39.95,116.47,1190
40.07,116.41,1191
40.08,116.36,1192
40.11,116.38,1193
40.16,116.4,1194
40.2,116.42,1195
40.22,116.44,1196
40.22,116.45,1197
40.21,116.45,1198
40.21,116.46,1199
40.21,116.47,1200
39.92,116.43,1201
39.92,116.44,1202
39.94,116.44,1203
39.94,116.4,1204
40.02,116.37,1205
40.05,116.36,1206
40.06,116.49,1207
40.06,116.5,1208
40.05,116.51,1209
40.04,116.52,1210
40.04,116.54,1211
40.04,116.55,1212
40.02,116.61,1213
40.02,116.62,1214
40.02,116.63,1215
40.03,116.64,1216
40.03,116.65,1217
40.04,116.67,1218
40.04,116.68,1219
40.04,116.7,1220
40.03,116.72,1221
40.03,116.73,1222
40.03,116.75,1223
40.03,116.76,1224
40.04,116.78,1225
40.04,116.79,1226
40.05,116.81,1227
40.05,116.82,1228
40.05,116.84,1229
40.06,116.85,1230
40.06,116.87,1231
40.06,116.89,1232
40.06,116.91,1233
40.06,116.92,1234
40.06,116.94,1235
40.06,116.96,1236
40.06,116.97,1237
40.06,116.99,1238
40.07,117.01,1239
40.07,117.02,1240
40.08,117.04,1241
40.08,117.05,1242
40.09,117.07,1243
40.09,117.09,1244
40.09,117.1,1245
40.1,117.12,1246
40.11,117.13,1247
40.12,117.14,1248
40.13,117.14,1249
40.13,117.15,1250
40.12,117.16,1251
40.13,117.16,1252
40.14,117.16,1253
40.14,117.17,1254
40.14,117.18,1255
40.14,117.19,1256
40.14,117.2,1257
40.13,117.2,1258
40.13,117.19,1259
40.13,117.18,1260
40.13,117.17,1261
40.11,117.12,1262
40.1,117.11,1263
40.09,117.08,1264
40.06,117.0,1265
40.06,116.98,1266
40.06,116.95,1267
40.06,116.93,1268
40.06,116.9,1269
40.03,116.71,1270
40.02,116.64,1271
40.04,116.56,1272
40.04,116.53,1273
40.02,116.47,1274
40.01,116.49,1275
39.99,116.5,1276
39.98,116.5,1277
39.97,116.5,1278
39.96,116.5,1279
39.95,116.5,1280
39.94,116.5,1281
39.93,116.5,1282
39.92,116.5,1283
39.89,116.48,1284
39.88,116.48,1285
39.87,116.48,1286
39.87,116.49,1287
39.87,116.5,1288
39.87,116.51,1289
39.87,116.53,1290
39.87,116.54,1291
39.87,116.56,1292
39.87,116.57,1293
39.87,116.58,1294
39.86,116.6,1295
39.86,116.62,1296
39.85,116.64,1297
39.84,116.66,1298
39.84,116.67,1299
39.84,116.68,1300
39.83,116.7,1301
39.83,116.72,1302
39.82,116.74,1303
39.82,116.76,1304
39.8,116.79,1305
39.8,116.81,1306
39.8,116.83,1307
39.8,116.85,1308
39.8,116.87,1309
39.8,116.89,1310
39.8,116.91,1311
39.8,116.93,1312
39.8,116.95,1313
39.8,116.98,1314
39.8,116.99,1315
39.79,117.01,1316
39.79,117.02,1317
39.78,117.04,1318
39.78,117.06,1319
39.79,117.09,1320
39.78,117.11,1321
39.78,117.13,1322
39.79,117.15,1323
39.78,117.17,1324
39.78,117.19,1325
39.96,116.39,1326
39.96,116.38,1327
40.17,116.13,1328
40.16,116.13,1329
40.15,116.13,1330
40.12,116.15,1331
40.11,116.15,1332
40.1,116.15,1333
40.09,116.15,1334
40.08,116.15,1335
39.94,116.41,1336
39.97,116.44,1337
39.97,116.45,1338
40.13,116.48,1339
40.15,116.49,1340
40.15,116.51,1341
40.15,116.53,1342
40.14,116.54,1343
40.14,116.55,1344
40.15,116.54,1345
40.13,116.55,1346
40.12,116.55,1347
40.11,116.55,1348
40.1,116.54,1349
40.11,116.56,1350
40.02,116.44,1351
40.02,116.42,1352
40.02,116.39,1353
40.02,116.38,1354
40.04,116.36,1355
40.03,116.36,1356
40.01,116.38,1357
40.02,116.43,1358
40.15,116.5,1359
40.15,116.52,1360
40.15,116.55,1361
39.96,116.46,1362
39.96,116.48,1363
40.09,116.5,1364
40.09,116.51,1365
40.1,116.52,1366
40.11,116.52,1367
40.12,116.52,1368
40.13,116.52,1369
40.14,116.52,1370
40.14,116.53,1371
40.12,116.56,1372
40.1,116.51,1373
40.16,116.47,1374
40.16,116.45,1375
40.16,116.43,1376
40.16,116.42,1377
40.17,116.4,1378
40.18,116.4,1379
40.16,116.44,1380
40.16,116.46,1381
40.1,116.47,1382
39.96,116.26,1383
39.96,116.24,1384
39.97,116.23,1385
39.97,116.24,1386
39.97,116.25,1387
39.97,116.26,1388
39.83,116.3,1389
39.83,116.32,1390
39.83,116.35,1391
39.83,116.36,1392
39.83,116.38,1393
39.83,116.42,1394
39.83,116.43,1395
39.83,116.44,1396
39.82,116.45,1397
39.81,116.45,1398
39.8,116.44,1399
39.8,116.45,1400
39.79,116.45,1401
39.78,116.44,1402
39.78,116.45,1403
39.82,116.46,1404
39.82,116.47,1405
39.83,116.47,1406
39.84,116.47,1407
39.86,116.48,1408
40.01,116.39,1409
40.06,116.25,1410
40.07,116.11,1411
40.06,116.11,1412
40.06,116.12,1413
40.05,116.12,1414
40.05,116.11,1415
40.05,116.1,1416
40.05,116.13,1417
40.05,116.14,1418
40.05,116.15,1419
40.05,116.16,1420
40.04,116.17,1421
40.04,116.18,1422
40.04,116.19,1423
40.04,116.2,1424
40.04,116.21,1425
40.04,116.22,1426
40.04,116.23,1427
40.04,116.24,1428
40.11,116.53,1429
40.11,116.54,1430
40.16,116.52,1431
40.17,116.52,1432
40.18,116.53,1433
40.19,116.53,1434
40.2,116.53,1435
40.2,116.52,1436
40.08,116.5,1437
40.12,116.57,1438
40.12,116.58,1439
40.11,116.58,1440
40.1,116.58,1441
39.88,116.4,1442
40.09,116.52,1443
40.08,116.53,1444
40.07,116.54,1445
40.06,116.55,1446
40.07,116.53,1447
40.18,116.52,1448
40.01,116.27,1449
40.22,116.5,1450
40.23,116.52,1451
40.25,116.54,1452
40.25,116.56,1453
40.26,116.58,1454
40.27,116.6,1455
40.27,116.64,1456
40.27,116.66,1457
40.27,116.68,1458
40.28,116.7,1459
40.28,116.73,1460
40.28,116.74,1461
40.3,116.75,1462
40.31,116.77,1463
40.32,116.79,1464
40.33,116.81,1465
40.34,116.82,1466
40.34,116.83,1467
40.34,116.84,1468
40.35,116.84,1469
40.35,116.85,1470
40.34,116.85,1471
40.34,116.86,1472
40.34,116.81,1473
40.33,116.79,1474
40.32,116.77,1475
40.3,116.76,1476
40.29,116.75,1477
40.28,116.71,1478
40.27,116.69,1479
40.27,116.67,1480
40.26,116.56,1481
40.24,116.53,1482
40.23,116.51,1483
40.19,116.49,1484
40.21,116.53,1485
40.22,116.53,1486
40.23,116.53,1487
40.26,116.57,1488
40.26,116.59,1489
40.27,116.61,1490
40.27,116.63,1491
40.27,116.65,1492
40.33,116.8,1493
40.33,116.86,1494
40.25,116.75,1495
40.29,116.78,1496
40.29,116.77,1497
40.28,116.75,1498
40.27,116.72,1499
40.32,116.85,1500
40.33,116.85,1501
40.34,116.88,1502
40.33,116.83,1503
40.28,116.72,1504
40.24,116.52,1505
40.17,116.54,1506
40.08,116.51,1507
40.14,116.49,1508
40.16,116.49,1509
40.17,116.5,1510
40.17,116.49,1511
40.18,116.47,1512
40.17,116.46,1513
40.18,116.45,1514
40.17,116.45,1515
40.18,116.46,1516
40.17,116.47,1517
40.16,116.51,1518
40.31,116.76,1519
40.32,116.78,1520
40.25,116.55,1521
40.13,116.59,1522
40.12,116.62,1523
40.04,116.28,1524
40.25,116.11,1525
40.07,116.42,1526
40.07,116.43,1527
40.08,116.43,1528
39.86,116.47,1529
39.86,116.49,1530
39.98,116.24,1531
39.97,116.1,1532
39.96,116.1,1533
39.96,116.11,1534
39.96,116.12,1535
39.95,116.21,1536
39.94,116.21,1537
40.04,116.35,1538
40.09,116.33,1539
39.85,116.37,1540
39.9,116.17,1541
39.85,116.42,1542
39.84,116.42,1543
39.82,116.43,1544
39.75,116.44,1545
39.71,116.44,1546
39.68,116.45,1547
39.66,116.46,1548
39.63,116.47,1549
39.78,116.42,1550
39.81,116.41,1551
40.12,116.28,1552
40.08,116.41,1553
40.09,116.41,1554
40.1,116.41,1555
40.11,116.41,1556
40.12,116.4,1557
40.13,116.4,1558
40.14,116.4,1559
40.15,116.41,1560
40.15,116.4,1561
40.17,116.39,1562
40.17,116.38,1563
40.17,116.37,1564
40.17,116.36,1565
40.17,116.35,1566
40.17,116.34,1567
40.17,116.33,1568
40.17,116.32,1569
40.16,116.32,1570
40.16,116.31,1571
40.16,116.3,1572
40.15,116.3,1573
40.15,116.29,1574
40.15,116.28,1575
40.14,116.27,1576
39.96,116.49,1577
39.94,116.24,1578
39.94,116.47,1579
40.06,116.43,1580
40.06,116.42,1581
39.99,116.47,1582
40.0,116.51,1583
40.01,116.54,1584
40.0,116.43,1585
39.87,116.52,1586
39.87,116.55,1587
39.88,116.54,1588
39.94,116.54,1589
39.95,116.53,1590
39.96,116.52,1591
39.97,116.52,1592
39.98,116.51,1593
39.93,116.26,1594
39.94,116.25,1595
39.94,116.26,1596
39.9,116.18,1597
40.36,116.85,1598
40.37,116.87,1599
40.38,116.88,1600
40.38,116.89,1601
40.39,116.89,1602
40.4,116.9,1603
40.4,116.92,1604
40.41,116.93,1605
40.41,116.94,1606
40.41,116.95,1607
40.41,116.96,1608
40.4,116.97,1609
40.41,116.98,1610
40.42,116.99,1611
40.43,116.99,1612
40.44,117.0,1613
40.44,117.01,1614
40.45,117.01,1615
40.46,117.01,1616
40.46,117.02,1617
40.47,117.03,1618
40.48,117.03,1619
40.41,116.99,1620
40.41,116.97,1621
40.4,116.93,1622
40.4,116.91,1623
40.39,116.9,1624
40.36,116.86,1625
40.27,116.59,1626
39.77,116.33,1627
39.78,116.33,1628
39.78,116.32,1629
39.84,116.41,1630
39.95,116.28,1631
39.93,116.21,1632
39.96,116.21,1633
39.98,116.21,1634
40.05,116.38,1635
40.05,116.37,1636
40.05,116.35,1637
40.05,116.34,1638
39.85,116.38,1639
39.93,116.29,1640
39.93,116.28,1641
40.01,116.43,1642
40.07,116.49,1643
40.37,116.88,1644
40.43,117.0,1645
39.93,116.49,1646
39.99,116.46,1647
40.0,116.47,1648
39.75,116.34,1649
39.74,116.34,1650
39.72,116.37,1651
39.92,116.49,1652
40.07,116.28,1653
40.06,116.28,1654
40.07,116.27,1655
40.08,116.26,1656
40.08,116.25,1657
40.07,116.25,1658
40.08,116.21,1659
40.09,116.21,1660
40.1,116.21,1661
40.1,116.2,1662
40.11,116.2,1663
40.11,116.19,1664
40.1,116.19,1665
40.1,116.18,1666
40.09,116.18,1667
40.09,116.17,1668
40.08,116.18,1669
40.07,116.12,1670
40.07,116.1,1671
40.06,116.1,1672
40.06,116.16,1673
40.07,116.26,1674
39.94,116.45,1675
39.91,116.17,1676
39.91,116.16,1677
39.97,116.21,1678
39.98,116.22,1679
40.08,116.35,1680
40.08,116.37,1681
39.9,116.19,1682
40.04,116.37,1683
40.05,116.39,1684
40.11,116.36,1685
39.73,116.3,1686
39.7,116.29,1687
39.67,116.28,1688
39.63,116.22,1689
40.22,116.19,1690
40.23,116.17,1691
40.23,116.16,1692
40.24,116.14,1693
40.36,115.95,1694
40.36,115.94,1695
40.36,115.93,1696
40.36,115.91,1697
40.36,115.9,1698
40.36,115.89,1699
40.36,115.87,1700
40.35,115.86,1701
40.34,115.84,1702
40.34,115.83,1703
40.33,115.81,1704
40.33,115.8,1705
40.33,115.79,1706
40.33,115.78,1707
40.33,115.77,1708
40.32,115.77,1709
40.32,115.76,1710
40.32,115.75,1711
40.32,115.74,1712
40.34,115.82,1713
40.35,115.83,1714
40.33,115.82,1715
40.34,115.85,1716
40.35,115.87,1717
40.36,115.88,1718
40.36,115.92,1719
40.35,115.99,1720
40.32,116.01,1721
40.31,116.0,1722
40.31,116.01,1723
40.3,116.01,1724
40.29,116.02,1725
40.28,116.02,1726
40.28,116.04,1727
40.28,116.05,1728
40.28,116.06,1729
40.35,115.98,1730
40.28,116.03,1731
40.24,116.16,1732
39.89,116.42,1733
39.83,116.22,1734
39.84,116.25,1735
40.03,116.42,1736
40.24,116.15,1737
40.25,116.14,1738
40.29,116.06,1739
40.32,116.03,1740
40.32,115.73,1741
40.32,115.72,1742
40.32,115.71,1743
40.29,116.01,1744
40.23,116.18,1745
39.83,116.48,1746
39.78,116.54,1747
39.76,116.55,1748
39.75,116.56,1749
39.74,116.59,1750
39.73,116.6,1751
39.72,116.61,1752
39.7,116.62,1753
39.64,116.69,1754
39.63,116.69,1755
39.69,116.64,1756
39.7,116.63,1757
39.74,116.58,1758
39.78,116.53,1759
39.98,116.23,1760
40.35,116.83,1761
40.47,117.02,1762
40.03,116.38,1763
40.05,116.44,1764
40.06,116.47,1765
40.01,116.26,1766
39.85,116.4,1767
40.03,116.52,1768
40.05,116.53,1769
40.06,116.54,1770
40.06,116.56,1771
40.06,116.57,1772
39.98,116.27,1773
40.25,116.22,1774
40.26,116.22,1775
40.27,116.23,1776
40.28,116.24,1777
40.29,116.24,1778
40.29,116.23,1779
40.29,116.22,1780
40.3,116.22,1781
40.3,116.21,1782
40.24,116.2,1783
40.24,116.19,1784
40.25,116.18,1785
40.25,116.16,1786
40.25,116.15,1787
40.35,116.0,1788
40.01,116.52,1789
39.87,116.23,1790
39.89,116.07,1791
40.04,116.62,1792
39.83,116.74,1793
39.84,116.73,1794
39.86,116.27,1795
39.85,115.95,1796
39.84,115.96,1797
39.83,116.0,1798
39.84,115.99,1799
39.84,116.03,1800
39.85,116.06,1801
39.86,116.08,1802
39.98,116.09,1803
40.0,116.05,1804
40.43,116.56,1805
40.44,116.56,1806
40.43,116.55,1807
40.42,116.54,1808
40.41,116.54,1809
40.41,116.55,1810
40.4,116.55,1811
40.39,116.56,1812
40.38,116.55,1813
40.37,116.55,1814
40.36,116.55,1815
40.36,116.56,1816
40.36,116.57,1817
40.36,116.58,1818
40.36,116.59,1819
40.34,116.61,1820
40.34,116.62,1821
40.33,116.62,1822
40.32,116.62,1823
40.31,116.62,1824
40.3,116.62,1825
40.3,116.6,1826
40.29,116.6,1827
40.29,116.59,1828
40.29,116.58,1829
40.28,116.58,1830
40.27,116.57,1831
40.24,116.55,1832
40.23,116.55,1833
40.21,116.55,1834
40.19,116.55,1835
40.18,116.56,1836
40.18,116.55,1837
40.17,116.55,1838
40.1,116.55,1839
40.09,116.55,1840
40.08,116.55,1841
40.07,116.55,1842
39.85,116.43,1843
39.84,116.45,1844
39.76,116.39,1845
39.75,116.39,1846
39.94,116.53,1847
40.22,116.51,1848
40.31,116.59,1849
40.31,116.58,1850
40.31,116.57,1851
40.32,116.56,1852
40.34,116.56,1853
40.35,116.57,1854
40.35,116.56,1855
40.42,116.55,1856
40.27,116.58,1857
40.08,116.52,1858
40.25,116.01,1859
40.25,116.02,1860
40.1,116.63,1861
40.36,116.01,1862
40.36,116.02,1863
40.27,116.08,1864
40.21,116.25,1865
40.21,116.26,1866
40.21,116.27,1867
40.21,116.28,1868
40.18,116.27,1869
40.17,116.27,1870
40.16,116.27,1871
40.14,116.29,1872
40.13,116.29,1873
40.12,116.29,1874
40.12,116.3,1875
40.11,116.31,1876
40.1,116.31,1877
39.78,116.17,1878
39.74,116.12,1879
39.73,116.11,1880
39.66,116.07,1881
39.88,116.49,1882
40.06,116.37,1883
39.89,116.54,1884
39.86,116.54,1885
39.85,116.54,1886
39.84,116.53,1887
39.83,116.52,1888
39.82,116.51,1889
39.81,116.48,1890
39.81,116.47,1891
39.79,116.46,1892
39.79,116.44,1893
39.79,116.43,1894
39.77,116.41,1895
39.76,116.41,1896
39.76,116.38,1897
39.76,116.37,1898
39.77,116.37,1899
39.77,116.36,1900
39.78,116.35,1901
39.78,116.3,1902
39.76,116.4,1903
39.77,116.42,1904
39.8,116.46,1905
39.81,116.49,1906
39.87,116.29,1907
40.02,116.26,1908
40.05,116.19,1909
40.05,116.18,1910
40.06,116.18,1911
40.0,116.48,1912
40.06,116.33,1913
40.06,116.34,1914
39.88,116.19,1915
39.77,116.17,1916
39.68,116.1,1917
39.64,116.07,1918
40.17,116.26,1919
40.17,116.28,1920
40.18,116.3,1921
40.16,116.36,1922
40.16,116.38,1923
40.28,116.63,1924
40.29,116.64,1925
40.3,116.64,1926
40.35,116.65,1927
40.36,116.66,1928
40.36,116.67,1929
40.36,116.68,1930
40.37,116.68,1931
40.31,116.65,1932
40.16,116.39,1933
40.16,116.37,1934
40.17,116.31,1935
40.18,116.29,1936
40.17,116.25,1937
40.03,116.29,1938
40.03,116.28,1939
39.78,116.19,1940
39.78,116.16,1941
39.77,116.16,1942
39.76,116.18,1943
39.76,116.2,1944
39.76,116.21,1945
39.76,116.22,1946
39.77,116.22,1947
39.77,116.21,1948
39.78,116.21,1949
39.79,116.21,1950
39.8,116.21,1951
40.16,116.35,1952
40.36,116.87,1953
40.16,116.41,1954
40.09,116.37,1955
40.09,116.38,1956
40.09,116.39,1957
40.09,116.42,1958
40.09,116.43,1959
40.08,116.44,1960
40.09,116.45,1961
40.08,116.45,1962
40.08,116.46,1963
40.1,116.53,1964
40.09,116.53,1965
40.09,116.54,1966
40.08,116.56,1967
40.07,116.56,1968
40.09,116.4,1969
40.09,116.44,1970
39.98,116.49,1971
40.05,116.56,1972
40.05,116.55,1973
40.05,116.54,1974
40.04,116.51,1975
40.04,116.5,1976
40.04,116.49,1977
40.04,116.46,1978
40.04,116.45,1979
40.02,116.46,1980
40.16,116.55,1981
40.17,116.57,1982
40.17,116.58,1983
40.17,116.59,1984
40.17,116.6,1985
40.17,116.62,1986
40.17,116.63,1987
40.17,116.61,1988
40.09,116.27,1989
40.1,116.45,1990
40.11,116.46,1991
40.11,116.47,1992
40.12,116.47,1993
40.12,116.5,1994
40.12,116.51,1995
40.1,116.56,1996
40.37,115.91,1997
40.37,115.9,1998
40.38,115.89,1999
40.38,115.9,2000
40.38,115.88,2001
40.39,115.9,2002
40.41,115.89,2003
40.42,115.89,2004
40.44,115.88,2005
40.45,115.87,2006
40.46,115.86,2007
40.46,115.85,2008
40.48,115.84,2009
40.47,115.83,2010
40.46,115.82,2011
40.45,115.81,2012
40.45,115.79,2013
40.44,115.79,2014
40.45,115.8,2015
40.46,115.81,2016
40.47,115.85,2017
40.46,115.87,2018
40.43,115.88,2019
40.38,115.91,2020
40.4,115.91,2021
40.41,115.92,2022
40.44,115.95,2023
40.44,115.96,2024
40.45,115.96,2025
40.45,115.97,2026
40.45,115.98,2027
40.45,115.99,2028
40.46,116.0,2029
40.46,115.99,2030
40.45,116.0,2031
40.44,115.99,2032
40.44,115.97,2033
40.39,115.88,2034
40.4,115.87,2035
40.4,115.88,2036
40.23,116.15,2037
40.17,116.3,2038
39.69,116.32,2039
39.67,116.32,2040
39.66,116.32,2041
39.64,116.32,2042
39.63,116.32,2043
39.65,116.32,2044
39.68,116.32,2045
39.7,116.33,2046
40.39,115.89,2047
40.37,115.89,2048
40.12,116.61,2049
40.12,116.63,2050
40.11,116.65,2051
40.1,116.66,2052
40.09,116.66,2053
40.1,116.65,2054
40.12,116.65,2055
40.12,116.54,2056
40.12,116.53,2057
39.83,116.51,2058
39.81,116.52,2059
39.75,116.57,2060
39.71,116.61,2061
39.67,116.67,2062
39.63,116.74,2063
39.65,116.7,2064
39.68,116.66,2065
39.84,116.54,2066
39.99,116.51,2067
39.97,116.51,2068
39.96,116.79,2069
39.97,116.79,2070
39.98,116.79,2071
39.97,116.78,2072
39.93,116.7,2073
39.94,116.7,2074
39.96,116.7,2075
39.97,116.7,2076
39.99,116.7,2077
40.0,116.69,2078
40.01,116.67,2079
40.04,116.65,2080
40.06,116.64,2081
40.07,116.63,2082
40.08,116.62,2083
40.1,116.62,2084
40.11,116.62,2085
40.12,116.6,2086
40.2,116.2,2087
40.2,116.19,2088
40.2,116.16,2089
40.2,116.15,2090
40.2,116.13,2091
40.2,116.11,2092
40.21,116.11,2093
40.21,116.12,2094
40.21,116.13,2095
40.2,116.12,2096
40.2,116.14,2097
40.2,116.21,2098
40.37,115.92,2099
40.22,116.18,2100
40.21,116.21,2101
40.22,116.11,2102
40.22,116.27,2103
40.22,116.28,2104
40.22,116.29,2105
40.19,116.16,2106
40.18,116.16,2107
40.17,116.16,2108
40.17,116.17,2109
40.17,116.18,2110
40.17,116.19,2111
40.17,116.2,2112
40.08,116.27,2113
40.05,116.57,2114
40.46,115.97,2115
40.45,115.95,2116
40.45,115.93,2117
40.45,115.92,2118
40.45,115.91,2119
40.45,115.89,2120
40.47,115.84,2121
40.4,115.9,2122
40.26,116.1,2123
39.81,116.37,2124
39.81,116.36,2125
39.82,116.36,2126
39.83,116.31,2127
39.66,116.68,2128
39.65,116.69,2129
39.69,116.65,2130
39.79,116.52,2131
39.8,116.51,2132
39.81,116.5,2133
39.95,116.52,2134
40.37,116.89,2135
40.38,116.87,2136
40.38,116.86,2137
40.37,116.85,2138
40.37,116.84,2139
40.37,116.83,2140
40.37,116.82,2141
40.36,116.81,2142
40.36,116.8,2143
40.35,116.8,2144
40.36,116.79,2145
40.35,116.78,2146
40.34,116.77,2147
40.34,116.76,2148
40.33,116.74,2149
40.33,116.73,2150
40.33,116.72,2151
40.33,116.7,2152
40.33,116.69,2153
40.33,116.68,2154
40.32,116.67,2155
40.32,116.66,2156
40.26,116.63,2157
40.24,116.64,2158
40.2,116.64,2159
40.16,116.62,2160
40.15,116.61,2161
40.14,116.59,2162
40.13,116.58,2163
40.16,116.18,2164
40.18,116.17,2165
40.19,116.17,2166
40.06,116.36,2167
40.16,116.16,2168
40.14,116.15,2169
40.17,116.12,2170
40.18,116.12,2171
40.19,116.11,2172
40.17,116.14,2173
40.17,116.15,2174
40.45,115.88,2175
40.03,116.51,2176
40.03,116.44,2177
39.8,116.5,2178
39.83,116.49,2179
40.15,116.47,2180
40.28,116.64,2181
40.25,116.64,2182
40.15,116.6,2183
40.13,116.57,2184
40.32,116.64,2185
40.31,116.63,2186
40.3,116.61,2187
40.18,116.15,2188
40.19,116.15,2189
40.14,116.57,2190
40.14,116.61,2191
40.13,116.62,2192
40.12,116.66,2193
40.11,116.67,2194
40.11,116.68,2195
40.12,116.69,2196
40.12,116.7,2197
40.12,116.72,2198
40.12,116.74,2199
40.13,116.75,2200
40.14,116.76,2201
40.14,116.77,2202
40.15,116.79,2203
40.15,116.81,2204
40.15,116.82,2205
40.15,116.83,2206
40.15,116.84,2207
40.15,116.86,2208
40.15,116.87,2209
40.15,116.89,2210
40.15,116.91,2211
40.15,116.93,2212
40.15,116.95,2213
40.15,116.96,2214
40.14,116.98,2215
40.14,117.0,2216
40.14,117.01,2217
40.14,117.02,2218
40.14,117.03,2219
40.15,117.05,2220
40.14,117.06,2221
40.14,117.08,2222
40.14,117.09,2223
40.15,117.09,2224
40.15,117.1,2225
40.15,117.11,2226
40.15,117.12,2227
40.16,117.12,2228
40.16,117.13,2229
40.17,117.13,2230
40.17,117.14,2231
40.16,117.11,2232
40.14,117.11,2233
40.14,117.1,2234
40.14,117.07,2235
40.14,116.99,2236
40.15,116.97,2237
40.15,116.94,2238
40.15,116.92,2239
40.15,116.9,2240
40.15,116.88,2241
40.15,116.85,2242
40.15,116.8,2243
40.15,116.78,2244
40.14,116.75,2245
40.13,116.74,2246
40.12,116.68,2247
40.14,116.6,2248
40.14,116.56,2249
40.14,116.58,2250
40.18,116.28,2251
40.15,116.56,2252
40.1,116.43,2253
40.1,116.42,2254
40.16,116.61,2255
40.16,116.63,2256
40.37,116.67,2257
40.32,116.68,2258
40.31,116.68,2259
40.3,116.67,2260
40.29,116.67,2261
40.28,116.67,2262
40.27,116.7,2263
40.18,116.49,2264
40.18,116.5,2265
40.18,116.51,2266
40.18,116.54,2267
40.17,116.56,2268
39.93,116.23,2269
39.93,116.22,2270
39.92,116.56,2271
39.9,116.16,2272
39.91,116.15,2273
39.9,116.15,2274
39.88,116.23,2275
39.88,116.22,2276
40.08,116.57,2277
40.1,116.12,2278
40.05,116.17,2279
40.12,116.46,2280
40.12,116.44,2281
40.12,116.43,2282
40.12,116.42,2283
40.12,116.41,2284
40.19,116.4,2285
40.2,116.4,2286
40.2,116.41,2287
40.21,116.41,2288
40.22,116.41,2289
40.23,116.41,2290
40.25,116.41,2291
40.25,116.4,2292
40.25,116.39,2293
40.26,116.39,2294
40.27,116.39,2295
40.28,116.38,2296
40.28,116.37,2297
40.28,116.36,2298
40.28,116.35,2299
40.29,116.35,2300
40.29,116.34,2301
40.3,116.34,2302
40.3,116.33,2303
40.31,116.33,2304
40.31,116.32,2305
40.32,116.32,2306
40.21,116.4,2307
40.12,116.45,2308
39.9,116.11,2309
39.9,116.08,2310
40.34,116.63,2311
40.36,116.62,2312
40.36,116.61,2313
40.35,116.68,2314
40.34,116.68,2315
39.94,116.28,2316
40.18,116.26,2317
40.23,116.2,2318
40.24,116.17,2319
40.24,116.08,2320
40.1,116.57,2321
40.09,116.57,2322
39.82,116.42,2323
40.01,116.25,2324
39.69,116.37,2325
39.7,116.12,2326
39.88,116.32,2327
39.88,116.33,2328
40.29,116.53,2329
40.33,116.55,2330
40.42,116.69,2331
40.44,116.68,2332
40.44,116.69,2333
40.45,116.69,2334
40.45,116.71,2335
40.45,116.72,2336
40.45,116.73,2337
40.46,116.74,2338
40.46,116.75,2339
40.47,116.76,2340
40.47,116.77,2341
40.13,116.6,2342
39.96,116.09,2343
40.01,116.44,2344
40.01,116.42,2345
39.83,116.41,2346
39.83,116.37,2347
39.84,116.37,2348
39.8,116.53,2349
39.82,116.55,2350
39.81,116.55,2351
39.82,116.54,2352
40.19,116.22,2353
39.95,116.81,2354
39.96,116.81,2355
39.96,116.8,2356
39.82,116.39,2357
39.82,116.41,2358
39.84,116.4,2359
39.94,116.82,2360
39.95,116.77,2361
39.95,116.82,2362
39.95,116.83,2363
39.84,116.31,2364
39.94,116.81,2365
39.89,116.56,2366
40.12,116.12,2367
40.13,116.18,2368
39.96,116.82,2369
39.91,116.64,2370
39.92,116.62,2371
40.04,116.66,2372
40.04,116.69,2373
40.04,116.71,2374
40.03,116.74,2375
40.03,116.77,2376
40.06,116.86,2377
40.07,117.0,2378
40.08,117.0,2379
40.09,117.01,2380
40.1,117.01,2381
40.11,117.01,2382
40.12,117.01,2383
40.13,117.02,2384
40.14,117.04,2385
40.14,117.12,2386
40.13,117.12,2387
40.13,117.11,2388
40.14,116.78,2389
40.12,116.73,2390
40.12,116.71,2391
40.11,116.66,2392
39.89,116.63,2393
39.94,116.55,2394
39.94,116.56,2395
39.94,116.58,2396
39.95,116.58,2397
39.96,116.58,2398
39.97,116.58,2399
39.98,116.58,2400
39.98,116.59,2401
39.98,116.6,2402
39.98,116.61,2403
39.99,116.62,2404
39.99,116.63,2405
39.98,116.64,2406
39.98,116.65,2407
39.99,116.66,2408
39.99,116.67,2409
39.98,116.7,2410
39.97,116.53,2411
39.97,116.49,2412
39.97,116.48,2413
39.94,116.65,2414
39.95,116.66,2415
39.94,116.66,2416
39.94,116.67,2417
39.93,116.67,2418
39.93,116.68,2419
39.93,116.69,2420
39.94,116.68,2421
39.94,116.69,2422
39.95,116.69,2423
39.95,116.7,2424
40.14,116.65,2425
40.14,116.63,2426
40.13,116.63,2427
40.03,116.62,2428
40.03,116.63,2429
40.03,116.67,2430
40.0,116.67,2431
39.99,116.69,2432
39.99,116.61,2433
39.98,116.57,2434
39.97,116.57,2435
39.97,116.56,2436
39.97,116.55,2437
39.97,116.54,2438
40.09,116.31,2439
40.06,116.27,2440
39.84,116.3,2441
40.0,116.82,2442
40.0,116.81,2443
39.96,116.25,2444
40.02,116.24,2445
40.02,116.21,2446
40.03,116.19,2447
40.04,116.15,2448
40.05,116.09,2449
40.06,116.05,2450
40.07,116.02,2451
40.12,115.87,2452
40.13,115.83,2453
40.15,115.78,2454
39.78,116.36,2455
39.8,116.47,2456
39.82,116.56,2457
40.09,116.32,2458
40.07,116.47,2459
40.08,116.39,2460
40.11,116.29,2461
40.1,116.4,2462
40.1,116.39,2463
40.1,116.38,2464
39.89,116.7,2465
39.79,116.29,2466
39.8,116.29,2467
39.81,116.3,2468
40.15,116.27,2469
39.68,116.48,2470
39.69,116.49,2471
39.7,116.5,2472
39.71,116.5,2473
39.71,116.51,2474
39.63,116.35,2475
39.65,116.35,2476
39.67,116.36,2477
39.82,116.33,2478
40.37,116.86,2479
40.38,116.85,2480
40.39,116.85,2481
40.38,116.84,2482
40.38,116.83,2483
40.36,116.83,2484
39.64,116.71,2485
39.99,116.18,2486
40.05,116.08,2487
39.8,116.15,2488
39.81,116.13,2489
39.81,116.12,2490
39.81,116.11,2491
39.8,116.1,2492
39.81,116.1,2493
39.81,116.09,2494
39.81,116.08,2495
39.81,116.07,2496
39.82,116.07,2497
39.83,116.07,2498
39.83,116.06,2499
39.82,116.08,2500
39.83,116.08,2501
39.98,116.26,2502
39.98,116.25,2503
39.76,116.47,2504
39.85,116.25,2505
39.94,116.22,2506
39.84,116.32,2507
39.96,116.23,2508
39.87,116.24,2509
39.82,116.22,2510
39.84,116.38,2511
39.99,116.23,2512
39.99,116.25,2513
40.02,116.48,2514
40.02,116.49,2515
40.02,116.5,2516
40.01,116.1,2517
40.01,116.11,2518
40.02,116.1,2519
40.11,116.01,2520
40.14,115.97,2521
39.86,116.57,2522
39.91,116.65,2523
39.9,116.65,2524
39.98,116.67,2525
39.99,116.71,2526
39.99,116.72,2527
39.99,116.73,2528
39.99,116.65,2529
39.98,116.55,2530
39.96,116.53,2531
40.11,116.21,2532
40.14,116.2,2533
40.26,116.15,2534
40.34,116.14,2535
39.94,116.18,2536
39.83,116.57,2537
39.95,116.54,2538
39.87,116.66,2539
39.86,116.66,2540
39.85,116.65,2541
39.85,116.66,2542
39.86,116.65,2543
39.99,116.26,2544
40.07,117.2,2545
40.06,117.19,2546
40.07,117.19,2547
40.07,117.18,2548
40.08,117.18,2549
40.08,117.17,2550
39.97,116.18,2551
40.06,116.52,2552
40.06,116.53,2553
39.82,116.31,2554
39.81,116.31,2555
39.8,116.31,2556
39.86,116.35,2557
39.82,116.37,2558
39.66,115.58,2559
39.65,115.55,2560
39.64,115.53,2561
40.38,115.95,2562
40.39,115.95,2563
40.4,115.95,2564
40.4,115.96,2565
40.41,115.97,2566
40.42,115.97,2567
40.42,115.98,2568
40.46,115.98,2569
40.47,115.99,2570
40.48,115.99,2571
40.47,115.98,2572
40.44,115.76,2573
40.45,115.74,2574
40.45,115.72,2575
40.33,116.38,2576
39.98,116.16,2577
39.98,116.14,2578
39.99,116.01,2579
39.99,116.0,2580
39.98,116.03,2581
39.98,116.07,2582
40.43,116.11,2583
40.43,116.08,2584
40.42,116.05,2585
40.39,116.84,2586
40.4,116.84,2587
40.41,116.84,2588
40.42,116.83,2589
40.43,116.83,2590
40.44,116.83,2591
40.46,116.83,2592
40.47,116.83,2593
40.48,116.82,2594
40.45,116.83,2595
40.13,116.27,2596
40.16,116.25,2597
39.82,116.29,2598
39.8,116.3,2599
39.72,116.3,2600
39.68,116.31,2601
39.65,116.31,2602
40.11,116.39,2603
39.98,116.2,2604
40.0,116.21,2605
40.01,116.18,2606
39.97,116.2,2607
39.97,116.22,2608
40.35,116.77,2609
40.33,116.75,2610
40.08,116.42,2611
40.46,115.96,2612
40.16,116.19,2613
40.26,116.55,2614
40.15,117.13,2615
40.16,117.14,2616
40.17,117.15,2617
40.18,117.15,2618
40.19,117.15,2619
40.16,117.15,2620
40.17,117.16,2621
40.17,117.17,2622
40.15,117.04,2623
40.25,116.53,2624
40.19,116.52,2625
40.17,116.51,2626
40.17,116.44,2627
40.18,116.43,2628
40.18,116.42,2629
40.18,116.41,2630
39.88,116.25,2631
39.79,116.51,2632
40.2,116.27,2633
40.19,116.27,2634
40.19,116.28,2635
40.2,116.3,2636
40.2,116.31,2637
40.2,116.32,2638
40.2,116.33,2639
40.21,116.34,2640
40.21,116.35,2641
40.22,116.35,2642
40.22,116.36,2643
40.23,116.38,2644
40.22,116.42,2645
40.23,116.43,2646
40.23,116.45,2647
40.23,116.46,2648
40.24,116.47,2649
40.24,116.49,2650
40.23,116.5,2651
40.24,116.51,2652
40.28,116.57,2653
40.37,116.69,2654
39.8,116.2,2655
39.76,116.19,2656
40.43,115.89,2657
40.47,115.82,2658
40.45,115.78,2659
40.46,115.77,2660
40.46,115.78,2661
40.46,115.79,2662
40.47,115.8,2663
40.48,115.81,2664
40.48,115.97,2665
40.47,115.97,2666
40.45,116.01,2667
39.97,116.81,2668
39.98,116.81,2669
39.99,116.81,2670
39.99,116.8,2671
39.99,116.79,2672
39.98,116.78,2673
39.98,116.77,2674
39.97,116.77,2675
39.97,116.76,2676
39.96,116.77,2677
39.96,116.78,2678
40.39,115.91,2679
40.35,115.9,2680
40.47,115.81,2681
40.4,115.89,2682
40.32,116.63,2683
40.33,116.63,2684
40.35,116.66,2685
40.22,116.65,2686
40.21,116.65,2687
40.21,116.67,2688
40.21,116.68,2689
40.21,116.69,2690
40.21,116.7,2691
40.21,116.72,2692
40.21,116.74,2693
40.21,116.75,2694
40.21,116.76,2695
40.21,116.77,2696
40.21,116.79,2697
40.21,116.8,2698
40.21,116.81,2699
40.2,116.82,2700
40.2,116.84,2701
40.2,116.85,2702
40.2,116.87,2703
40.2,116.88,2704
40.2,116.9,2705
40.2,116.91,2706
40.2,116.92,2707
40.2,116.93,2708
40.19,116.95,2709
40.19,116.96,2710
40.2,116.98,2711
40.2,116.99,2712
40.2,117.01,2713
40.19,117.01,2714
40.18,117.01,2715
40.16,117.01,2716
40.15,117.01,2717
40.37,116.66,2718
40.19,116.63,2719
39.92,116.58,2720
39.92,116.6,2721
39.92,116.61,2722
40.06,116.66,2723
40.07,116.66,2724
40.08,116.66,2725
40.08,116.64,2726
40.08,116.63,2727
40.09,116.62,2728
40.13,116.65,2729
40.15,116.65,2730
40.16,116.65,2731
40.17,116.65,2732
40.18,116.65,2733
40.2,116.65,2734
40.21,116.66,2735
40.22,116.75,2736
40.23,116.76,2737
40.24,116.77,2738
40.24,116.78,2739
40.24,116.79,2740
40.25,116.79,2741
40.26,116.79,2742
40.27,116.79,2743
40.28,116.79,2744
40.29,116.79,2745
40.3,116.8,2746
40.31,116.8,2747
40.31,116.81,2748
40.32,116.81,2749
40.33,116.82,2750
39.83,116.19,2751
39.83,116.18,2752
39.84,116.19,2753
39.83,116.45,2754
39.84,116.46,2755
39.89,116.49,2756
39.89,116.5,2757
39.83,116.46,2758
39.79,116.18,2759
39.76,116.15,2760
39.75,116.14,2761
39.75,116.12,2762
39.74,116.11,2763
39.73,116.1,2764
39.71,116.1,2765
39.7,116.1,2766
39.69,116.09,2767
39.68,116.08,2768
39.67,116.08,2769
39.65,116.07,2770
39.63,116.05,2771
39.68,116.09,2772
39.72,116.1,2773
39.75,116.13,2774
39.7,116.32,2775
39.67,116.31,2776
39.66,116.31,2777
39.85,116.27,2778
39.85,116.26,2779
39.65,116.66,2780
39.64,116.65,2781
39.64,116.66,2782
39.64,116.67,2783
39.66,116.66,2784
39.74,116.35,2785
39.74,116.36,2786
39.74,116.37,2787
39.76,116.35,2788
39.78,116.12,2789
39.88,116.24,2790
39.85,116.24,2791
39.84,116.24,2792
39.8,116.22,2793
39.7,116.22,2794
39.68,116.23,2795
39.67,116.23,2796
39.73,116.09,2797
39.72,116.07,2798
39.72,116.06,2799
39.72,116.05,2800
39.72,116.04,2801
39.72,116.03,2802
39.72,116.02,2803
39.72,116.01,2804
39.71,116.01,2805
39.7,116.01,2806
39.71,116.03,2807
39.71,116.04,2808
39.71,116.05,2809
39.72,116.0,2810
39.72,115.99,2811
39.72,115.98,2812
39.72,115.97,2813
39.72,115.96,2814
39.73,115.96,2815
39.73,115.95,2816
39.74,115.95,2817
39.75,115.95,2818
39.75,115.96,2819
39.76,115.96,2820
39.76,115.95,2821
39.75,115.97,2822
39.72,115.95,2823
39.72,116.11,2824
40.38,116.68,2825
40.42,116.67,2826
40.43,116.67,2827
40.44,116.67,2828
40.44,116.66,2829
40.45,116.66,2830
40.46,116.66,2831
40.47,116.65,2832
40.48,116.66,2833
40.46,116.65,2834
40.31,116.67,2835
40.41,115.96,2836
40.47,116.0,2837
40.48,116.02,2838
40.48,116.01,2839
39.76,116.14,2840
39.74,116.14,2841
39.75,116.15,2842
39.72,116.13,2843
39.71,116.12,2844
39.7,116.11,2845
39.69,116.1,2846
39.66,116.11,2847
39.65,116.11,2848
39.64,116.11,2849
39.63,116.11,2850
39.65,116.09,2851
39.65,116.08,2852
39.73,116.12,2853
39.74,116.13,2854
39.77,116.15,2855
39.84,116.26,2856
39.94,116.23,2857
39.86,116.2,2858
40.14,116.62,2859
39.65,116.65,2860
39.63,116.65,2861
39.63,116.64,2862
39.64,116.64,2863
39.64,116.63,2864
39.65,116.63,2865
39.65,116.64,2866
39.67,116.63,2867
39.66,116.63,2868
39.65,116.62,2869
39.65,116.61,2870
39.65,116.6,2871
39.64,116.61,2872
39.64,116.62,2873
40.42,116.97,2874
40.42,116.98,2875
40.02,116.55,2876
40.02,116.56,2877
40.01,116.56,2878
40.0,116.55,2879
40.0,116.56,2880
39.99,116.56,2881
39.98,116.56,2882
39.96,116.54,2883
39.96,116.57,2884
39.93,116.58,2885
39.92,116.59,2886
39.67,116.33,2887
39.66,116.33,2888
40.02,116.23,2889
40.03,116.21,2890
40.05,116.2,2891
40.06,116.17,2892
40.14,116.11,2893
40.38,116.82,2894
40.38,116.81,2895
40.39,116.8,2896
40.39,116.79,2897
40.4,116.78,2898
40.4,116.77,2899
40.4,116.76,2900
40.41,116.78,2901
40.41,116.79,2902
40.41,116.8,2903
40.4,116.81,2904
40.39,116.82,2905
40.39,116.83,2906
40.47,116.84,2907
40.47,116.85,2908
39.99,116.58,2909
40.0,116.59,2910
40.01,116.59,2911
40.02,116.6,2912
40.04,116.8,2913
40.06,116.88,2914
40.08,117.03,2915
40.12,117.15,2916
40.17,117.2,2917
40.17,117.19,2918
40.17,117.18,2919
40.16,117.1,2920
40.14,117.13,2921
40.14,117.15,2922
40.13,117.13,2923
40.12,117.11,2924
40.11,117.11,2925
40.11,117.1,2926
40.1,117.1,2927
40.08,117.07,2928
40.05,116.8,2929
40.05,116.65,2930
40.07,116.64,2931
40.08,116.47,2932
39.87,116.6,2933
39.86,116.61,2934
39.85,116.62,2935
39.86,116.63,2936
39.85,116.63,2937
39.84,116.63,2938
39.86,116.64,2939
39.87,116.67,2940
39.86,116.7,2941
39.9,116.66,2942
39.89,116.67,2943
39.89,116.68,2944
39.88,116.68,2945
39.94,116.71,2946
39.94,116.72,2947
39.81,116.46,2948
39.79,116.48,2949
39.78,116.49,2950
39.78,116.5,2951
39.77,116.51,2952
39.76,116.51,2953
39.75,116.5,2954
39.74,116.5,2955
39.8,116.48,2956
39.76,116.5,2957
39.7,116.31,2958
39.69,116.31,2959
39.67,116.3,2960
39.68,116.3,2961
39.73,116.28,2962
40.05,116.83,2963
40.06,116.84,2964
40.13,117.1,2965
40.13,117.09,2966
40.13,117.08,2967
40.14,117.14,2968
40.12,117.17,2969
39.89,116.14,2970
39.89,116.09,2971
39.88,116.09,2972
39.88,116.1,2973
39.87,116.09,2974
39.87,116.08,2975
39.87,116.07,2976
39.88,116.07,2977
39.87,116.06,2978
39.87,116.05,2979
39.88,116.05,2980
39.87,116.04,2981
39.87,116.03,2982
39.88,116.02,2983
39.89,116.02,2984
39.88,116.03,2985
39.88,116.04,2986
39.93,116.1,2987
39.94,116.1,2988
39.94,116.09,2989
39.95,116.1,2990
39.97,116.09,2991
39.99,116.09,2992
40.0,116.09,2993
40.0,116.08,2994
40.0,116.07,2995
40.0,116.06,2996
39.99,116.06,2997
39.99,116.05,2998
39.99,116.04,2999
39.99,116.03,3000
39.98,116.04,3001
39.97,116.04,3002
39.98,116.05,3003
39.98,116.06,3004
39.99,116.07,3005
39.99,116.08,3006
39.98,116.08,3007
40.29,116.57,3008
40.29,116.56,3009
40.29,116.54,3010
40.3,116.54,3011
40.32,116.53,3012
40.32,116.52,3013
40.33,116.51,3014
40.33,116.5,3015
40.34,116.49,3016
40.35,116.48,3017
40.35,116.47,3018
40.36,116.46,3019
40.36,116.45,3020
40.36,116.44,3021
40.36,116.43,3022
40.35,116.42,3023
40.35,116.41,3024
40.35,116.4,3025
40.35,116.39,3026
40.36,116.39,3027
40.36,116.38,3028
40.36,116.47,3029
40.34,116.48,3030
40.29,116.55,3031
40.28,116.55,3032
40.3,116.57,3033
40.29,116.63,3034
40.33,116.67,3035
40.32,116.69,3036
40.32,116.7,3037
40.32,116.71,3038
40.33,116.71,3039
40.34,116.75,3040
40.35,116.79,3041
40.23,116.79,3042
40.22,116.79,3043
40.2,116.8,3044
40.19,116.8,3045
40.18,116.8,3046
40.17,116.81,3047
40.16,116.81,3048
40.14,116.83,3049
40.14,116.97,3050
40.08,117.06,3051
39.73,116.13,3052
39.76,116.1,3053
39.79,116.07,3054
39.81,116.05,3055
39.87,116.59,3056
39.84,116.65,3057
39.84,116.69,3058
39.83,116.71,3059
39.83,116.73,3060
39.8,116.77,3061
39.73,116.79,3062
39.71,116.77,3063
39.71,116.76,3064
39.72,116.76,3065
39.72,116.75,3066
39.72,116.74,3067
39.72,116.73,3068
39.72,116.71,3069
39.72,116.7,3070
39.72,116.69,3071
39.73,116.7,3072
39.74,116.7,3073
39.74,116.69,3074
39.75,116.69,3075
39.76,116.68,3076
39.77,116.69,3077
39.78,116.69,3078
39.79,116.69,3079
39.8,116.7,3080
39.81,116.7,3081
39.82,116.7,3082
39.84,116.7,3083
39.85,116.7,3084
39.86,116.69,3085
39.88,116.64,3086
39.87,116.63,3087
39.83,116.63,3088
39.83,116.62,3089
39.84,116.62,3090
39.71,116.32,3091
39.71,116.31,3092
39.72,116.31,3093
39.77,116.32,3094
39.83,116.26,3095
39.82,116.26,3096
39.73,116.08,3097
39.71,116.06,3098
39.72,116.08,3099
39.72,116.09,3100
39.72,116.15,3101
39.65,116.06,3102
39.65,116.05,3103
39.66,116.05,3104
39.66,116.04,3105
39.67,116.03,3106
39.67,116.02,3107
39.68,116.01,3108
39.67,116.01,3109
39.67,116.0,3110
39.67,115.99,3111
39.66,115.99,3112
39.66,115.98,3113
39.65,115.97,3114
39.64,115.97,3115
39.64,115.98,3116
39.67,115.98,3117
39.68,115.98,3118
39.68,115.97,3119
39.64,115.96,3120
39.63,115.96,3121
39.71,116.09,3122
39.71,116.07,3123
39.71,116.02,3124
39.7,116.0,3125
39.7,115.99,3126
39.7,115.98,3127
39.69,115.98,3128
40.0,116.58,3129
40.12,117.1,3130
40.02,116.66,3131
39.91,116.7,3132
39.9,116.71,3133
39.85,116.69,3134
39.83,116.67,3135
39.82,116.66,3136
39.81,116.65,3137
39.8,116.63,3138
39.77,116.61,3139
39.76,116.6,3140
39.76,116.58,3141
39.75,116.55,3142
39.75,116.54,3143
39.74,116.52,3144
39.74,116.51,3145
39.73,116.49,3146
39.73,116.47,3147
39.72,116.45,3148
39.72,116.44,3149
39.72,116.42,3150
39.72,116.4,3151
39.72,116.39,3152
39.71,116.37,3153
40.12,117.09,3154
40.09,117.11,3155
40.08,117.1,3156
40.07,117.09,3157
40.06,117.08,3158
40.05,117.08,3159
40.04,117.08,3160
40.03,117.08,3161
40.02,117.09,3162
40.01,117.09,3163
40.0,117.09,3164
39.99,117.1,3165
39.99,117.09,3166
39.99,117.08,3167
40.0,117.08,3168
40.0,117.07,3169
40.0,117.06,3170
40.0,117.05,3171
40.0,117.04,3172
40.0,117.03,3173
40.0,117.01,3174
39.99,117.01,3175
39.98,117.01,3176
39.97,117.01,3177
39.97,117.0,3178
39.97,116.99,3179
39.97,116.98,3180
39.96,116.97,3181
39.96,116.96,3182
39.96,116.95,3183
39.96,116.94,3184
39.95,116.94,3185
39.94,116.95,3186
39.93,116.95,3187
39.92,116.95,3188
39.91,116.95,3189
39.9,116.96,3190
39.89,116.97,3191
39.88,116.96,3192
39.88,116.95,3193
39.88,116.94,3194
39.88,116.93,3195
39.88,116.91,3196
39.88,116.9,3197
39.87,116.9,3198
39.87,116.89,3199
39.87,116.88,3200
39.87,116.87,3201
39.87,116.86,3202
39.87,116.85,3203
39.87,116.84,3204
39.86,116.84,3205
39.85,116.83,3206
39.85,116.82,3207
39.85,116.81,3208
39.85,116.8,3209
39.85,116.79,3210
39.85,116.78,3211
39.85,116.77,3212
39.82,116.75,3213
39.84,116.64,3214
40.33,116.52,3215
40.34,116.51,3216
40.36,116.37,3217
39.77,116.54,3218
39.76,116.54,3219
39.74,116.54,3220
39.74,116.55,3221
39.74,116.56,3222
39.74,116.6,3223
39.74,116.61,3224
39.74,116.62,3225
39.74,116.63,3226
39.75,116.64,3227
39.75,116.65,3228
39.76,116.65,3229
39.78,116.65,3230
39.79,116.65,3231
39.79,116.66,3232
39.79,116.67,3233
39.79,116.68,3234
39.79,116.7,3235
39.86,116.68,3236
39.77,116.68,3237
39.71,116.7,3238
39.69,116.7,3239
39.68,116.7,3240
39.68,116.72,3241
39.67,116.72,3242
39.66,116.72,3243
39.65,116.72,3244
39.64,116.73,3245
39.64,116.74,3246
39.64,116.76,3247
39.64,116.77,3248
39.63,116.77,3249
39.65,116.77,3250
39.66,116.77,3251
39.68,116.75,3252
39.71,116.73,3253
39.76,116.67,3254
39.78,116.64,3255
39.79,116.63,3256
39.81,116.61,3257
39.83,116.58,3258
39.84,116.55,3259
39.95,116.09,3260
39.93,116.09,3261
40.27,116.22,3262
40.28,116.23,3263
40.3,116.24,3264
40.3,116.25,3265
40.29,116.25,3266
40.23,116.13,3267
40.23,116.1,3268
40.22,116.1,3269
40.23,116.09,3270
40.23,116.08,3271
40.05,117.0,3272
40.06,117.01,3273
40.01,116.6,3274
40.06,116.8,3275
40.07,116.8,3276
40.08,116.8,3277
40.09,116.8,3278
40.1,116.8,3279
40.11,116.8,3280
40.12,116.81,3281
40.13,116.81,3282
40.14,116.81,3283
40.18,116.81,3284
40.24,116.8,3285
40.24,116.81,3286
40.24,116.82,3287
40.23,116.83,3288
40.23,116.84,3289
40.23,116.85,3290
40.23,116.86,3291
40.22,116.87,3292
40.21,116.87,3293
40.19,116.86,3294
40.18,116.86,3295
40.17,116.86,3296
40.06,116.26,3297
39.63,116.38,3298
39.84,116.18,3299
39.83,116.15,3300
39.76,116.36,3301
40.48,116.83,3302
39.68,116.33,3303
39.85,116.53,3304
39.85,116.52,3305
40.21,116.51,3306
40.21,116.52,3307
40.21,116.54,3308
40.21,116.56,3309
40.21,116.58,3310
40.21,116.59,3311
40.21,116.6,3312
40.21,116.62,3313
40.21,116.63,3314
40.21,116.71,3315
40.21,116.73,3316
40.14,116.94,3317
40.13,116.94,3318
40.13,116.93,3319
40.12,116.93,3320
40.11,116.93,3321
40.1,116.92,3322
40.09,116.92,3323
40.09,116.91,3324
40.08,116.91,3325
40.07,116.92,3326
40.29,116.03,3327
39.86,116.09,3328
39.85,116.11,3329
39.85,116.1,3330
39.84,116.12,3331
40.01,116.22,3332
40.21,116.18,3333
40.24,116.18,3334
40.35,116.18,3335
40.39,116.19,3336
40.39,116.2,3337
40.39,116.21,3338
40.39,116.22,3339
40.37,116.24,3340
40.37,116.25,3341
40.36,116.26,3342
40.37,116.28,3343
40.36,116.3,3344
40.36,116.31,3345
39.74,116.53,3346
39.73,116.48,3347
39.72,116.41,3348
39.71,116.38,3349
40.34,116.5,3350
40.3,116.58,3351
40.39,116.55,3352
40.4,116.56,3353
40.42,116.53,3354
40.41,116.52,3355
40.41,116.51,3356
40.41,116.5,3357
40.41,116.49,3358
40.41,116.48,3359
40.41,116.47,3360
40.36,116.6,3361
40.3,116.66,3362
40.29,116.68,3363
40.28,116.68,3364
39.82,116.35,3365
39.95,115.64,3366
40.13,116.28,3367
40.37,116.63,3368
40.38,116.65,3369
40.39,116.65,3370
40.4,116.65,3371
40.41,116.65,3372
40.41,116.64,3373
40.41,116.63,3374
40.38,116.64,3375
40.42,116.52,3376
40.15,117.18,3377
40.16,117.18,3378
40.14,117.05,3379
40.13,117.05,3380
40.12,117.05,3381
40.11,117.06,3382
40.1,117.07,3383
39.81,116.78,3384
39.8,116.8,3385
39.8,116.82,3386
39.8,116.84,3387
39.8,116.86,3388
39.8,116.88,3389
39.8,116.9,3390
39.8,116.92,3391
39.8,116.94,3392
39.8,116.96,3393
39.8,117.0,3394
39.79,117.0,3395
39.78,117.08,3396
39.78,117.2,3397
39.78,117.18,3398
39.79,117.16,3399
39.78,117.14,3400
39.78,117.12,3401
39.78,117.07,3402
39.78,117.05,3403
39.8,117.01,3404
39.8,116.97,3405
39.93,116.66,3406
39.76,116.27,3407
39.75,116.26,3408
39.76,116.26,3409
39.75,116.27,3410
39.73,116.26,3411
39.71,116.25,3412
39.69,116.24,3413
39.65,116.22,3414
39.64,116.21,3415
39.63,116.16,3416
39.64,116.15,3417
39.65,116.16,3418
39.69,116.33,3419
39.69,116.34,3420
40.38,116.63,3421
39.68,116.34,3422
40.13,116.54,3423
40.23,116.62,3424
39.67,116.35,3425
39.68,116.35,3426
39.74,116.39,3427
40.07,116.45,3428
39.67,116.34,3429
39.89,116.51,3430
39.89,116.52,3431
39.88,116.52,3432
39.84,116.56,3433
39.86,116.56,3434
39.67,116.29,3435
39.78,116.37,3436
39.81,116.35,3437
39.86,116.15,3438
39.71,116.3,3439
39.68,116.27,3440
39.66,116.25,3441
39.84,116.44,3442
39.96,116.6,3443
39.97,116.61,3444
40.03,116.5,3445
39.83,116.5,3446
39.82,116.48,3447
39.79,116.4,3448
39.88,116.55,3449
39.89,116.55,3450
40.08,116.54,3451
39.87,116.65,3452
39.85,116.61,3453
39.85,116.6,3454
39.84,116.59,3455
39.83,116.59,3456
39.81,116.57,3457
39.81,116.56,3458
39.81,116.54,3459
39.77,116.53,3460
39.78,116.52,3461
39.82,116.57,3462
39.84,116.6,3463
39.89,116.69,3464
39.9,116.69,3465
39.9,116.68,3466
39.91,116.67,3467
39.81,116.53,3468
39.8,116.56,3469
39.79,116.55,3470
39.79,116.56,3471
40.08,116.65,3472
40.41,116.62,3473
40.41,116.61,3474
40.41,116.6,3475
40.42,116.59,3476
40.43,116.58,3477
40.44,116.58,3478
40.45,116.58,3479
40.41,116.59,3480
40.48,117.02,3481
40.05,116.52,3482
40.06,116.51,3483
40.03,116.24,3484
39.93,116.55,3485
40.04,116.39,3486
40.04,116.38,3487
39.86,116.74,3488
39.85,116.76,3489
39.83,116.78,3490
39.77,116.8,3491
39.76,116.81,3492
39.76,116.83,3493
39.75,116.84,3494
39.75,116.85,3495
39.74,116.85,3496
39.73,116.86,3497
39.73,116.87,3498
39.72,116.88,3499
39.71,116.88,3500
39.7,116.89,3501
39.69,116.9,3502
39.68,116.9,3503
39.68,116.91,3504
39.67,116.92,3505
39.66,116.93,3506
39.65,116.94,3507
39.63,116.95,3508
40.06,116.62,3509
39.98,116.18,3510
39.8,116.49,3511
39.85,116.44,3512
40.16,115.82,3513
40.17,115.77,3514
40.18,115.72,3515
40.18,115.68,3516
40.18,115.64,3517
40.18,115.61,3518
40.18,115.58,3519
39.8,116.23,3520
40.11,116.23,3521
39.78,116.25,3522
40.15,116.17,3523
40.18,116.14,3524
40.18,116.11,3525
39.94,116.49,3526
39.79,116.47,3527
39.79,116.49,3528
39.79,116.5,3529
39.78,116.51,3530
39.77,116.5,3531
40.39,116.88,3532
40.03,116.25,3533
40.02,116.25,3534
40.07,116.04,3535
40.07,116.03,3536
40.07,116.06,3537
40.07,116.08,3538
40.1,116.33,3539
40.1,116.34,3540
40.06,116.23,3541
39.9,116.67,3542
39.93,116.77,3543
39.94,116.84,3544
39.95,116.86,3545
39.95,116.89,3546
39.95,116.91,3547
39.96,116.99,3548
39.96,117.01,3549
39.97,117.04,3550
39.97,117.06,3551
39.97,117.08,3552
39.97,117.11,3553
39.98,117.13,3554
39.98,117.15,3555
39.99,117.18,3556
39.99,117.2,3557
39.97,117.1,3558
39.97,117.03,3559
39.96,116.98,3560
39.95,116.92,3561
39.95,116.87,3562
40.44,116.27,3563
40.46,116.27,3564
40.47,116.27,3565
40.48,116.27,3566
40.4,116.24,3567
40.39,116.23,3568
40.37,116.22,3569
40.36,116.21,3570
40.34,116.2,3571
40.3,116.19,3572
39.67,116.09,3573
40.39,116.73,3574
40.37,116.74,3575
40.45,116.02,3576
40.48,116.08,3577
40.47,116.09,3578
40.46,116.09,3579
40.45,116.09,3580
40.44,116.09,3581
40.48,116.09,3582
39.9,116.02,3583
39.9,116.03,3584
39.69,116.39,3585
39.86,116.89,3586
39.88,116.89,3587
39.89,116.89,3588
39.96,116.83,3589
40.0,116.8,3590
40.03,116.78,3591
40.05,116.79,3592
39.8,116.43,3593
39.8,116.42,3594
39.8,116.41,3595
39.98,116.53,3596
40.05,116.5,3597
39.67,116.13,3598
40.01,116.58,3599
40.15,116.63,3600
40.11,116.3,3601
39.86,116.5,3602
40.14,116.41,3603
40.18,116.39,3604
40.18,116.38,3605
40.16,117.05,3606
40.17,117.04,3607
40.18,117.05,3608
40.19,117.05,3609
40.2,117.04,3610
40.21,117.04,3611
40.21,117.05,3612
40.21,117.06,3613
40.2,117.07,3614
40.2,117.08,3615
40.19,117.08,3616
40.19,117.09,3617
40.19,117.1,3618
40.19,117.11,3619
40.19,117.12,3620
40.19,117.13,3621
40.2,117.14,3622
40.2,117.15,3623
40.2,117.16,3624
40.2,117.17,3625
40.2,117.18,3626
40.21,117.18,3627
40.22,117.17,3628
40.22,117.16,3629
40.23,117.16,3630
40.24,117.16,3631
40.24,117.15,3632
40.25,117.15,3633
40.25,117.16,3634
40.21,117.17,3635
40.19,117.18,3636
40.18,117.18,3637
40.07,117.03,3638
39.76,116.13,3639
40.15,116.31,3640
40.15,116.32,3641
40.14,116.33,3642
40.15,116.33,3643
39.91,116.71,3644
39.94,116.83,3645
39.94,116.86,3646
39.95,116.88,3647
39.96,117.02,3648
39.97,117.07,3649
39.98,117.12,3650
39.99,117.17,3651
39.83,116.25,3652
39.84,116.43,3653
39.78,116.39,3654
39.83,115.9,3655
39.82,115.89,3656
39.88,116.5,3657
39.85,116.51,3658
39.84,116.52,3659
39.82,116.53,3660
39.99,116.24,3661
39.66,116.36,3662
39.68,116.36,3663
39.64,116.06,3664
39.63,115.66,3665
39.63,115.64,3666
39.64,115.64,3667
39.64,115.63,3668
39.64,115.62,3669
39.92,116.57,3670
40.25,116.26,3671
40.27,116.28,3672
40.25,116.25,3673
40.01,116.55,3674
39.81,116.79,3675
39.79,117.03,3676
39.79,117.1,3677
39.79,117.11,3678
39.78,117.03,3679
40.04,116.27,3680
40.1,116.17,3681
40.15,116.58,3682
40.2,116.58,3683
40.34,116.59,3684
40.42,116.6,3685
40.07,116.38,3686
39.64,116.41,3687
39.63,116.41,3688
39.78,115.87,3689
39.98,116.52,3690
39.96,116.55,3691
40.02,116.01,3692
40.02,115.99,3693
40.01,116.04,3694
40.0,116.02,3695
39.99,116.02,3696
39.98,116.01,3697
39.98,116.02,3698
39.97,116.02,3699
39.97,116.0,3700
39.97,115.99,3701
39.98,115.98,3702
39.98,115.99,3703
39.98,115.97,3704
39.98,115.96,3705
39.99,115.96,3706
40.0,115.95,3707
40.0,115.94,3708
40.01,115.93,3709
40.01,115.92,3710
40.02,115.92,3711
40.02,115.91,3712
40.02,115.9,3713
40.03,115.9,3714
40.04,115.9,3715
40.03,115.89,3716
40.03,115.88,3717
40.04,115.87,3718
40.03,115.87,3719
40.02,115.87,3720
40.03,115.86,3721
40.03,115.85,3722
40.03,115.84,3723
40.02,115.83,3724
40.02,115.82,3725
40.01,115.82,3726
40.01,115.81,3727
40.0,115.81,3728
40.0,115.8,3729
40.01,115.79,3730
40.0,115.78,3731
40.0,115.77,3732
39.99,115.76,3733
39.99,115.75,3734
39.99,115.74,3735
39.98,115.72,3736
39.98,115.71,3737
39.97,115.7,3738
39.97,115.69,3739
39.97,115.68,3740
39.97,115.67,3741
39.96,115.68,3742
39.96,115.67,3743
39.96,115.66,3744
39.96,115.65,3745
39.95,115.65,3746
39.94,115.64,3747
39.94,115.63,3748
39.94,115.62,3749
39.94,115.61,3750
39.94,115.6,3751
39.94,115.59,3752
39.94,115.58,3753
39.93,115.57,3754
39.92,115.57,3755
39.92,115.55,3756
39.92,115.54,3757
39.92,115.53,3758
39.92,115.56,3759
39.99,115.73,3760
40.01,115.8,3761
40.02,115.86,3762
40.01,115.94,3763
40.0,115.96,3764
40.01,115.97,3765
40.0,115.98,3766
40.01,115.98,3767
40.0,115.99,3768
40.01,115.99,3769
40.01,116.01,3770
40.01,116.03,3771
40.0,116.03,3772
39.93,116.57,3773
40.48,115.98,3774
40.44,116.01,3775
40.44,116.02,3776
40.43,116.03,3777
40.43,116.04,3778
40.42,116.06,3779
40.42,116.07,3780
40.41,116.07,3781
40.4,116.07,3782
40.39,116.08,3783
40.38,116.08,3784
40.38,116.09,3785
40.38,116.1,3786
40.37,116.1,3787
40.36,116.11,3788
40.35,116.11,3789
40.35,116.12,3790
40.34,116.13,3791
40.33,116.14,3792
40.32,116.15,3793
40.32,116.16,3794
40.31,116.17,3795
40.31,116.18,3796
40.3,116.18,3797
40.29,116.2,3798
40.28,116.21,3799
40.32,116.17,3800
40.34,116.12,3801
40.4,116.08,3802
39.68,115.96,3803
39.68,115.95,3804
39.68,115.94,3805
39.69,115.93,3806
39.7,115.93,3807
39.71,115.92,3808
39.72,115.92,3809
39.68,115.93,3810
39.67,115.94,3811
39.66,115.94,3812
39.66,115.93,3813
39.65,115.93,3814
39.65,115.92,3815
39.64,115.92,3816
39.63,115.92,3817
39.65,115.61,3818
39.64,115.6,3819
39.63,115.6,3820
39.63,115.59,3821
39.64,115.59,3822
40.4,116.35,3823
40.39,116.36,3824
40.38,116.36,3825
40.37,116.36,3826
40.36,116.36,3827
40.35,116.35,3828
40.34,116.34,3829
40.33,116.35,3830
40.33,116.34,3831
40.32,116.34,3832
40.0,116.52,3833
40.01,116.05,3834
40.02,116.04,3835
40.03,116.04,3836
40.04,116.04,3837
40.04,116.03,3838
40.05,116.03,3839
40.06,116.03,3840
40.06,116.04,3841
40.08,116.03,3842
40.05,116.02,3843
40.05,116.01,3844
40.31,116.26,3845
40.32,116.27,3846
40.33,116.27,3847
40.33,116.28,3848
40.33,116.29,3849
40.34,116.29,3850
40.35,116.29,3851
40.35,116.3,3852
40.37,116.31,3853
40.37,116.32,3854
40.37,116.33,3855
40.37,116.34,3856
40.36,116.35,3857
40.4,116.36,3858
40.4,116.34,3859
40.41,116.34,3860
40.41,116.33,3861
40.41,116.32,3862
40.41,116.31,3863
40.28,116.39,3864
40.34,116.73,3865
40.35,116.76,3866
40.37,116.81,3867
40.39,116.81,3868
40.4,116.83,3869
40.4,116.86,3870
40.39,116.87,3871
40.38,116.91,3872
40.38,116.92,3873
40.37,116.93,3874
40.37,116.94,3875
40.37,116.96,3876
40.37,116.97,3877
40.37,116.98,3878
40.36,116.99,3879
40.36,117.01,3880
40.36,117.02,3881
40.37,117.02,3882
40.37,117.03,3883
40.37,117.04,3884
40.38,117.05,3885
40.38,117.06,3886
40.39,117.07,3887
40.39,117.08,3888
40.39,117.09,3889
40.39,117.1,3890
40.4,117.11,3891
40.4,117.12,3892
40.41,117.13,3893
40.42,117.15,3894
40.42,117.16,3895
40.42,117.17,3896
40.42,117.18,3897
40.42,117.19,3898
39.85,116.2,3899
39.85,116.19,3900
39.85,116.18,3901
39.86,116.16,3902
39.86,116.14,3903
39.86,116.13,3904
39.86,116.12,3905
39.86,116.11,3906
39.87,116.11,3907
39.87,116.1,3908
39.85,116.12,3909
39.86,116.18,3910
40.4,116.67,3911
40.06,116.15,3912
40.06,116.14,3913
40.06,116.13,3914
40.05,116.23,3915
40.08,116.4,3916
39.98,116.19,3917
40.01,116.02,3918
40.01,116.0,3919
40.0,115.79,3920
39.99,115.77,3921
39.99,115.7,3922
40.0,115.7,3923
40.01,115.7,3924
40.02,115.71,3925
40.03,115.7,3926
40.03,115.71,3927
40.04,115.71,3928
40.05,115.71,3929
40.05,115.7,3930
40.06,115.71,3931
40.07,115.72,3932
40.06,115.7,3933
40.06,115.69,3934
40.05,115.69,3935
40.05,115.68,3936
40.08,115.73,3937
40.08,115.74,3938
40.09,115.74,3939
40.09,115.75,3940
40.09,115.76,3941
40.03,116.43,3942
39.97,116.01,3943
39.99,115.98,3944
39.98,115.95,3945
39.98,115.94,3946
39.97,115.94,3947
39.96,115.93,3948
39.96,115.92,3949
39.95,115.91,3950
39.95,115.9,3951
39.95,115.89,3952
39.94,115.88,3953
39.94,115.87,3954
39.94,115.86,3955
39.94,115.85,3956
39.93,115.85,3957
39.93,115.84,3958
39.94,115.89,3959
39.97,115.93,3960
39.97,115.96,3961
39.96,115.89,3962
39.96,115.88,3963
39.97,115.88,3964
40.25,116.27,3965
40.26,116.27,3966
40.27,116.27,3967
40.27,116.29,3968
40.26,116.29,3969
40.26,116.28,3970
39.88,116.51,3971
39.77,116.07,3972
39.97,116.19,3973
40.05,116.21,3974
40.21,115.92,3975
40.22,115.91,3976
40.22,115.9,3977
40.23,115.88,3978
39.75,116.23,3979
39.81,116.22,3980
40.0,116.53,3981
40.01,116.61,3982
40.01,116.63,3983
40.13,116.36,3984
39.91,116.09,3985
39.88,116.13,3986
39.86,116.1,3987
40.1,116.35,3988
40.39,116.38,3989
40.41,116.37,3990
39.95,116.2,3991
40.11,116.33,3992
39.79,116.09,3993
39.79,116.08,3994
39.8,116.08,3995
39.8,116.09,3996
39.81,116.42,3997
39.75,116.47,3998
40.05,116.49,3999
40.27,116.87,4000
40.3,116.89,4001
40.35,116.92,4002
40.36,116.94,4003
40.36,116.97,4004
40.35,116.98,4005
40.32,116.31,4006
39.66,116.81,4007
39.63,116.83,4008
39.63,116.9,4009
39.63,116.94,4010
39.64,116.96,4011
39.65,116.97,4012
39.66,116.99,4013
39.68,117.01,4014
40.01,116.08,4015
40.33,115.95,4016
39.91,116.13,4017
40.04,116.08,4018
40.03,116.06,4019
40.03,116.03,4020
39.82,116.13,4021
39.8,116.11,4022
39.78,116.09,4023
40.03,116.11,4024
40.05,116.06,4025
40.06,116.02,4026
40.06,115.99,4027
40.01,116.21,4028
40.1,115.87,4029
40.11,115.82,4030
40.09,116.23,4031
40.13,116.21,4032
40.15,116.19,4033
40.0,116.72,4034
40.1,116.23,4035
40.21,116.3,4036
39.8,116.57,4037
40.24,116.3,4038
40.24,116.31,4039
40.25,116.3,4040
40.25,116.31,4041
40.25,116.29,4042
40.26,116.3,4043
39.91,116.02,4044
40.02,115.84,4045
39.98,115.75,4046
39.98,115.74,4047
40.12,115.92,4048
40.13,115.88,4049
40.37,115.99,4050
40.18,116.67,4051
39.96,116.2,4052
39.93,116.62,4053
39.79,117.08,4054
39.87,116.64,4055
40.22,116.4,4056
40.0,116.57,4057
39.94,116.51,4058
39.95,116.49,4059
40.12,116.14,4060
40.14,116.14,4061
40.26,116.48,4062
40.28,116.53,4063
40.43,116.69,4064
40.45,116.7,4065
40.47,116.75,4066
40.39,117.11,4067
40.38,117.04,4068
40.36,117.0,4069
40.37,116.99,4070
40.37,116.95,4071
40.38,116.9,4072
40.39,116.86,4073
40.4,116.85,4074
40.37,116.8,4075
40.34,116.74,4076
40.36,116.84,4077
39.94,116.85,4078
39.95,116.9,4079
39.97,117.05,4080
39.97,117.09,4081
39.98,117.11,4082
39.98,117.14,4083
39.98,117.16,4084
39.89,116.62,4085
39.7,116.39,4086
40.18,116.09,4087
40.17,116.08,4088
40.17,116.06,4089
40.17,116.05,4090
40.18,116.04,4091
40.19,116.03,4092
40.19,116.02,4093
40.2,116.01,4094
40.2,116.0,4095
40.21,115.99,4096
40.22,115.99,4097
40.22,115.98,4098
40.23,115.98,4099
40.24,115.97,4100
40.24,115.96,4101
40.24,115.95,4102
40.2,116.02,4103
40.17,116.07,4104
40.18,116.1,4105
40.18,116.13,4106
40.19,116.13,4107
39.78,117.16,4108
40.11,116.08,4109
40.12,116.08,4110
40.17,116.43,4111
40.0,116.04,4112
40.02,116.05,4113
40.25,116.1,4114
40.25,116.09,4115
40.26,116.08,4116
40.26,116.09,4117
40.25,116.08,4118
40.24,116.1,4119
40.23,116.07,4120
40.22,116.07,4121
40.22,116.06,4122
40.21,116.06,4123
40.21,116.07,4124
40.21,116.05,4125
40.2,116.04,4126
40.2,116.03,4127
40.19,116.01,4128
40.2,115.99,4129
40.18,116.03,4130
40.18,116.05,4131
40.1,116.16,4132
40.41,116.77,4133
40.41,116.75,4134
40.39,116.75,4135
40.38,116.75,4136
40.11,116.43,4137
40.18,116.08,4138
40.11,116.32,4139
40.12,116.32,4140
40.13,116.32,4141
40.13,116.33,4142
40.13,116.34,4143
40.14,116.32,4144
40.14,116.31,4145
40.09,116.25,4146
40.07,116.39,4147
40.08,116.38,4148
40.11,116.26,4149
40.24,116.42,4150
40.26,116.5,4151
40.41,116.46,4152
40.42,116.45,4153
40.42,116.44,4154
40.41,116.44,4155
40.41,116.43,4156
40.41,116.42,4157
40.41,116.41,4158
40.41,116.4,4159
40.41,116.39,4160
40.4,116.39,4161
40.4,116.38,4162
40.39,116.37,4163
40.42,116.34,4164
40.34,116.35,4165
40.32,116.33,4166
40.26,116.4,4167
39.99,115.71,4168
40.01,115.71,4169
40.02,115.7,4170
40.07,115.71,4171
40.07,115.73,4172
40.07,115.74,4173
40.06,115.74,4174
40.07,115.75,4175
40.06,115.75,4176
40.05,115.75,4177
40.05,115.74,4178
40.04,115.74,4179
40.04,115.75,4180
40.04,115.76,4181
40.03,115.76,4182
40.03,115.77,4183
40.02,115.78,4184
40.02,115.79,4185
40.02,115.8,4186
40.43,115.54,4187
40.42,115.55,4188
40.41,115.57,4189
40.39,115.58,4190
40.38,115.59,4191
40.37,115.61,4192
40.35,115.62,4193
40.34,115.64,4194
40.35,115.66,4195
40.35,115.67,4196
40.34,115.69,4197
40.33,115.7,4198
40.33,115.72,4199
40.29,115.98,4200
40.07,116.52,4201
40.1,116.32,4202
39.96,117.0,4203
39.89,116.59,4204
40.17,116.66,4205
40.17,116.67,4206
40.17,116.68,4207
40.17,116.69,4208
40.32,116.26,4209
40.31,116.25,4210
40.28,116.25,4211
40.27,116.25,4212
40.27,116.26,4213
40.26,116.26,4214
40.3,116.23,4215
40.31,116.23,4216
40.31,116.22,4217
40.32,116.22,4218
40.33,116.22,4219
40.34,116.23,4220
40.34,116.24,4221
40.35,116.24,4222
40.36,116.24,4223
40.38,116.25,4224
40.38,116.24,4225
40.39,116.25,4226
40.39,116.26,4227
40.4,116.26,4228
40.41,116.26,4229
40.41,116.25,4230
40.42,116.25,4231
40.42,116.24,4232
40.43,116.23,4233
40.44,116.22,4234
40.45,116.22,4235
40.46,116.22,4236
40.47,116.22,4237
40.47,116.23,4238
40.48,116.35,4239
40.47,116.35,4240
40.47,116.34,4241
40.46,116.34,4242
40.46,116.33,4243
40.45,116.33,4244
40.44,116.32,4245
40.43,116.32,4246
40.43,116.33,4247
40.42,116.33,4248
40.15,116.26,4249
40.15,116.21,4250
39.91,116.66,4251
39.91,116.68,4252
40.11,116.37,4253
40.12,116.37,4254
40.12,116.36,4255
40.12,116.35,4256
39.7,116.38,4257
39.67,116.37,4258
39.79,116.39,4259
39.64,116.52,4260
40.26,116.61,4261
40.39,116.61,4262
40.04,116.1,4263
40.03,116.1,4264
40.0,116.1,4265
40.43,116.24,4266
40.12,116.07,4267
40.11,116.07,4268
40.11,116.57,4269
40.2,116.44,4270
40.07,116.0,4271
39.97,115.75,4272
39.89,115.64,4273
40.26,116.23,4274
40.25,116.24,4275
40.33,116.54,4276
40.4,116.57,4277
40.4,116.58,4278
40.4,116.6,4279
40.4,116.61,4280
40.47,115.77,4281
40.47,115.79,4282
40.41,115.88,4283
40.41,115.87,4284
40.41,115.86,4285
40.4,115.85,4286
40.4,115.86,4287
40.38,115.87,4288
40.38,115.86,4289
40.38,115.85,4290
40.13,116.35,4291
40.08,116.22,4292
40.06,116.19,4293
40.06,116.2,4294
40.08,116.19,4295
40.33,116.23,4296
40.29,116.66,4297
40.29,116.65,4298
40.39,116.66,4299
40.14,116.91,4300
40.14,116.92,4301
39.77,116.39,4302
39.72,116.38,4303
40.19,116.58,4304
40.22,116.67,4305
40.15,116.74,4306
39.83,116.87,4307
39.7,116.88,4308
39.91,116.79,4309
40.37,116.61,4310
40.37,116.62,4311
40.37,116.59,4312
40.37,116.58,4313
40.38,116.58,4314
40.39,116.58,4315
40.39,116.57,4316
40.31,116.56,4317
40.35,115.97,4318
40.34,115.98,4319
40.33,115.98,4320
40.33,115.97,4321
40.06,116.09,4322
40.07,116.09,4323
40.04,116.11,4324
40.41,116.67,4325
40.45,116.65,4326
40.11,116.7,4327
40.1,116.73,4328
40.0,116.01,4329
40.0,115.97,4330
39.98,115.7,4331
39.97,115.66,4332
39.97,115.65,4333
39.98,115.65,4334
39.99,115.64,4335
40.0,115.64,4336
39.93,115.58,4337
39.91,115.56,4338
39.9,115.56,4339
39.89,115.56,4340
39.88,115.55,4341
39.87,115.55,4342
39.86,115.56,4343
39.86,115.55,4344
39.85,115.55,4345
39.84,115.56,4346
39.85,115.56,4347
39.84,115.57,4348
39.84,115.58,4349
39.83,115.58,4350
39.83,115.59,4351
39.82,115.59,4352
39.82,115.6,4353
39.83,115.6,4354
39.87,115.56,4355
39.89,115.55,4356
39.63,116.84,4357
39.64,116.81,4358
39.66,116.79,4359
39.8,116.61,4360
39.81,116.59,4361
40.25,116.23,4362
40.1,116.3,4363
40.25,116.17,4364
40.26,116.17,4365
40.26,116.16,4366
40.28,116.16,4367
40.28,116.15,4368
40.01,116.17,4369
40.02,116.18,4370
40.02,116.19,4371
40.25,117.17,4372
40.12,117.2,4373
40.44,116.33,4374
40.48,116.23,4375
40.26,116.02,4376
40.25,116.03,4377
40.24,116.03,4378
39.86,116.52,4379
39.86,116.51,4380
39.86,116.55,4381
39.85,116.55,4382
40.2,116.05,4383
40.21,116.08,4384
40.21,116.09,4385
40.18,116.35,4386
40.18,116.36,4387
40.19,116.36,4388
40.13,116.45,4389
40.13,116.44,4390
40.14,116.44,4391
40.13,116.31,4392
40.13,116.3,4393
40.01,116.53,4394
39.76,116.66,4395
39.69,116.74,4396
39.68,116.76,4397
39.65,116.8,4398
39.75,116.67,4399
40.13,116.39,4400
40.15,116.42,4401
40.06,116.08,4402
40.06,116.06,4403
40.06,116.07,4404
40.31,116.16,4405
40.12,116.38,4406
40.11,116.4,4407
40.13,116.56,4408
40.14,116.21,4409
40.01,115.96,4410
39.94,115.82,4411
39.87,115.67,4412
40.39,116.95,4413
40.4,116.98,4414
40.39,117.0,4415
40.38,117.02,4416
40.4,117.1,4417
40.42,117.14,4418
40.43,117.16,4419
40.45,117.16,4420
40.46,117.16,4421
40.48,117.16,4422
40.44,117.16,4423
40.41,117.14,4424
40.39,117.06,4425
40.38,117.03,4426
40.39,117.01,4427
40.39,116.96,4428
40.4,116.94,4429
40.39,116.92,4430
40.18,116.07,4431
40.19,116.08,4432
40.15,116.05,4433
39.95,116.59,4434
39.96,116.59,4435
40.38,115.84,4436
40.38,115.83,4437
40.38,115.82,4438
40.39,115.85,4439
40.41,115.85,4440
40.45,115.9,4441
40.14,116.34,4442
40.14,116.37,4443
40.15,116.36,4444
40.15,116.35,4445
39.95,116.6,4446
39.94,116.6,4447
39.94,116.59,4448
40.22,116.58,4449
40.26,116.65,4450
40.27,116.77,4451
40.26,116.89,4452
40.03,116.88,4453
39.9,116.87,4454
39.77,116.88,4455
39.92,116.12,4456
39.91,116.14,4457
39.88,116.14,4458
39.87,116.14,4459
39.9,116.14,4460
40.13,116.61,4461
40.17,117.1,4462
40.18,117.1,4463
40.18,117.12,4464
40.18,117.13,4465
40.19,117.14,4466
40.19,117.16,4467
40.19,117.17,4468
40.2,117.19,4469
40.13,116.73,4470
40.13,116.71,4471
40.13,116.69,4472
40.13,116.67,4473
40.02,116.72,4474
39.93,116.61,4475
39.89,116.57,4476
39.66,116.35,4477
39.64,116.35,4478
40.34,116.78,4479
40.34,116.79,4480
39.79,117.14,4481
40.15,116.18,4482
40.16,116.2,4483
40.16,117.09,4484
40.17,117.08,4485
40.18,117.07,4486
40.19,117.06,4487
40.2,117.05,4488
40.22,117.04,4489
40.23,117.04,4490
40.24,117.04,4491
40.25,117.05,4492
40.24,117.03,4493
40.22,117.03,4494
40.19,117.04,4495
40.18,117.04,4496
40.17,117.05,4497
40.12,117.06,4498
39.94,116.52,4499
40.23,116.65,4500
40.2,116.67,4501
40.18,116.68,4502
40.14,116.69,4503
39.81,116.44,4504
40.13,116.66,4505
40.12,116.67,4506
40.13,116.68,4507
40.13,116.7,4508
40.13,116.72,4509
39.84,116.16,4510
40.32,115.78,4511
40.33,115.71,4512
40.34,115.65,4513
40.35,115.63,4514
40.36,115.62,4515
40.38,115.6,4516
40.4,115.57,4517
40.42,115.56,4518
40.46,117.0,4519
40.46,116.99,4520
40.45,116.99,4521
40.45,117.0,4522
40.05,116.24,4523
40.09,116.61,4524
39.66,116.08,4525
40.08,116.61,4526
39.75,116.4,4527
39.73,116.4,4528
39.71,116.41,4529
39.73,116.06,4530
39.73,116.05,4531
39.74,116.05,4532
39.74,116.04,4533
39.75,116.04,4534
39.76,116.03,4535
39.77,116.03,4536
39.78,116.03,4537
39.79,116.02,4538
39.79,116.01,4539
39.79,116.0,4540
39.79,115.99,4541
39.8,115.98,4542
39.81,115.98,4543
39.82,115.98,4544
39.82,115.97,4545
39.82,115.96,4546
39.82,115.95,4547
39.82,115.94,4548
39.82,115.93,4549
39.82,115.92,4550
39.82,115.91,4551
39.82,115.9,4552
39.82,115.88,4553
39.81,115.88,4554
39.81,115.87,4555
39.8,115.86,4556
39.81,115.86,4557
39.82,115.85,4558
39.82,115.83,4559
39.82,115.82,4560
39.81,115.82,4561
39.82,115.81,4562
39.83,115.81,4563
39.83,115.8,4564
39.82,115.8,4565
39.82,115.79,4566
39.81,115.79,4567
39.81,115.78,4568
39.8,115.78,4569
39.79,115.78,4570
39.79,115.77,4571
39.78,115.77,4572
39.77,115.77,4573
39.77,115.76,4574
39.76,115.76,4575
39.75,115.75,4576
39.74,115.74,4577
39.73,115.74,4578
39.72,115.73,4579
39.72,115.72,4580
39.72,115.71,4581
39.73,115.71,4582
39.73,115.7,4583
39.73,115.69,4584
39.73,115.68,4585
39.73,115.67,4586
39.73,115.66,4587
39.74,115.65,4588
39.74,115.64,4589
39.74,115.63,4590
39.75,115.63,4591
39.76,115.63,4592
39.76,115.62,4593
39.77,115.63,4594
39.78,115.63,4595
39.79,115.62,4596
39.8,115.61,4597
39.81,115.61,4598
39.81,115.6,4599
39.81,115.58,4600
39.81,115.57,4601
39.8,115.58,4602
39.81,115.59,4603
39.76,115.75,4604
39.82,115.84,4605
39.81,115.92,4606
39.82,115.99,4607
39.82,116.0,4608
39.82,116.01,4609
39.81,116.02,4610
39.81,116.03,4611
39.81,116.04,4612
39.81,116.06,4613
39.79,116.1,4614
39.79,116.12,4615
39.79,116.13,4616
39.79,116.14,4617
39.8,116.14,4618
39.8,116.16,4619
40.03,116.2,4620
40.02,116.2,4621
40.23,116.57,4622
40.28,116.84,4623
40.24,116.95,4624
40.07,116.07,4625
40.07,116.05,4626
40.08,116.05,4627
40.11,116.25,4628
40.38,116.22,4629
40.37,116.21,4630
40.35,116.21,4631
40.34,116.21,4632
40.24,116.32,4633
40.23,116.32,4634
40.21,116.33,4635
40.19,116.33,4636
40.23,116.34,4637
40.24,116.34,4638
40.24,116.35,4639
40.25,116.35,4640
40.26,116.35,4641
40.27,116.35,4642
40.3,116.35,4643
40.13,116.42,4644
40.13,116.41,4645
40.05,116.43,4646
40.06,116.44,4647
40.07,116.44,4648
40.1,116.44,4649
40.17,116.29,4650
40.2,116.28,4651
40.18,116.57,4652
40.13,115.84,4653
40.08,115.64,4654
39.63,116.63,4655
39.71,116.63,4656
39.77,116.62,4657
39.82,116.61,4658
39.88,116.61,4659
39.93,116.6,4660
39.63,116.88,4661
39.65,116.82,4662
39.63,116.68,4663
39.7,116.67,4664
39.82,116.65,4665
39.97,116.63,4666
40.14,116.66,4667
40.16,116.68,4668
40.18,116.58,4669
40.17,116.76,4670
40.07,116.81,4671
39.96,116.86,4672
39.84,116.87,4673
39.63,116.97,4674
39.67,116.85,4675
39.68,116.78,4676
39.71,116.71,4677
39.8,116.65,4678
39.83,116.61,4679
39.96,116.22,4680
39.9,116.09,4681
39.91,116.1,4682
39.94,116.62,4683
40.0,116.61,4684
40.21,116.39,4685
40.21,116.38,4686
40.21,116.37,4687
40.22,116.3,4688
40.21,116.29,4689
40.23,116.33,4690
40.37,115.96,4691
40.34,115.86,4692
40.34,115.68,4693
40.34,115.63,4694
40.37,115.6,4695
40.41,115.56,4696
40.42,115.54,4697
40.4,115.53,4698
40.4,115.55,4699
40.4,115.56,4700
40.39,115.57,4701
40.39,115.6,4702
40.38,115.61,4703
40.38,115.62,4704
40.38,115.63,4705
40.37,115.63,4706
40.37,115.64,4707
40.36,115.66,4708
40.36,115.67,4709
40.36,115.68,4710
40.36,115.69,4711
40.36,115.71,4712
40.37,115.72,4713
40.38,115.73,4714
40.39,115.73,4715
40.4,115.74,4716
40.41,115.74,4717
40.41,115.75,4718
40.42,115.76,4719
40.43,115.77,4720
40.43,115.78,4721
40.44,115.78,4722
40.46,115.84,4723
40.43,116.05,4724
40.36,116.1,4725
40.33,116.15,4726
40.29,116.19,4727
40.29,116.21,4728
40.28,116.22,4729
40.21,116.32,4730
40.21,116.31,4731
40.2,116.34,4732
40.21,116.36,4733
39.93,116.51,4734
40.16,116.69,4735
40.16,116.66,4736
40.15,116.66,4737
40.17,116.7,4738
40.11,116.61,4739
39.95,116.51,4740
40.4,116.95,4741
40.44,116.99,4742
40.18,116.69,4743
40.08,116.49,4744
40.07,116.5,4745
39.86,116.53,4746
39.76,116.42,4747
39.77,116.43,4748
39.77,116.44,4749
39.77,116.45,4750
39.77,116.46,4751
39.78,116.46,4752
40.33,115.76,4753
40.34,115.76,4754
40.35,115.76,4755
40.35,115.75,4756
40.31,115.7,4757
40.36,115.86,4758
40.37,115.88,4759
40.34,116.0,4760
40.34,115.99,4761
40.35,115.95,4762
39.99,116.53,4763
39.99,116.52,4764
40.18,116.32,4765
40.47,117.16,4766
40.39,117.05,4767
39.78,116.43,4768
39.79,116.41,4769
40.03,116.53,4770
40.12,116.33,4771
39.76,116.44,4772
39.76,116.16,4773
40.3,116.17,4774
40.29,116.17,4775
40.29,116.16,4776
40.3,116.16,4777
40.3,116.15,4778
40.22,116.39,4779
40.09,116.6,4780
40.1,116.59,4781
40.15,116.59,4782
40.22,116.71,4783
40.21,116.94,4784
40.12,116.95,4785
40.03,116.91,4786
39.93,116.87,4787
39.81,116.87,4788
39.68,116.88,4789
40.24,116.4,4790
40.43,117.2,4791
40.38,116.93,4792
40.28,116.62,4793
40.4,116.66,4794
40.01,116.72,4795
40.0,116.74,4796
